4666,6,1
47,8,1
4663,15,0
4372,6,1
5036,1,1
1610,20,1
4997,10,1
3344,23,1
3132,13,1
3461,24,1
3141,11,1
3460,7,1
401,16,1
6388,17,0
2952,10,1
6317,7,0
2482,21,1
392,3,1
746,20,1
5231,7,1
4563,29,1
69,11,1
2314,6,0
5251,12,0
4622,25,0
3034,24,1
3904,13,1
2488,29,1
2609,12,0
5347,15,1
1796,17,0
2380,7,1
4137,9,1
523,29,1
2803,26,1
3530,11,1
4385,6,1
4721,1,0
1679,20,1
3079,8,1
1213,14,0
4636,14,0
2253,24,1
2521,10,1
2205,13,1
3544,9,0
2404,6,0
2210,5,1
4525,2,1
4507,5,1
322,17,1
758,17,0
3506,19,1
832,13,1
1734,16,1
6088,21,0
1309,14,1
2594,6,1
4736,13,1
5658,9,0
4766,19,1
5221,24,1
70,27,0
2725,6,1
4671,23,1
4749,5,1
4662,14,1
4383,39,1
5356,44,0
2985,18,0
4162,15,1
2546,15,1
2188,3,1
5975,15,1
2693,20,1
2964,7,1
1631,24,0
4528,8,1
770,15,1
119,4,1
1885,6,0
64,22,1
484,15,0
2997,4,1
3653,18,1
3077,20,0
2264,18,0
246,11,0
4345,13,0
2194,27,1
3058,24,1
6349,6,1
4563,16,1
4157,31,0
2610,5,1
4088,9,1
119,11,1
192,10,1
2570,18,1
3125,18,1
3967,2,1
844,24,0
219,10,1
5744,4,1
5437,9,1
2783,13,1
4098,36,1
6309,16,0
1085,5,1
1580,21,1
4504,5,0
2954,3,1
1687,3,1
4757,10,1
5255,8,0
5962,15,1
3996,23,1
5550,21,0
4476,18,1
4071,3,1
5925,4,1
3344,29,1
3086,10,1
2955,6,1
6316,2,1
301,20,0
6475,23,0
3031,30,0
6462,45,1
720,10,1
89,24,1
70,25,1
2191,6,1
3063,3,1
5094,10,1
144,12,1
4435,35,1
146,14,1
4382,7,0
4149,16,0
723,25,0
4105,27,1
4184,11,1
1106,7,1
5756,16,1
123,6,1
4582,9,1
4568,4,1
4137,26,1
4096,19,1
4260,17,1
5491,26,1
208,23,0
5892,14,1
165,8,0
5560,22,1
1902,7,1
1486,14,1
5958,4,0
3400,8,1
3587,5,1
5854,8,1
6444,4,0
2104,4,1
4626,14,1
2520,20,1
3546,7,0
446,6,1
2900,14,1
2462,6,1
771,11,0
2539,35,1
3344,30,1
4992,11,1
1944,15,1
4332,25,0
4501,17,1
2777,16,1
4662,7,0
3033,17,0
6418,20,0
3833,28,1
5766,5,1
4158,8,1
1512,42,1
4477,3,0
2983,2,1
2444,4,1
5743,16,0
2239,13,1
4758,23,1
5963,6,0
4384,37,1
4934,20,1
4046,3,1
1095,15,1
3099,11,1
3163,9,0
4960,16,1
343,20,0
6283,11,1
1273,4,1
2058,4,1
1598,22,1
1550,4,1
1417,15,1
4562,6,1
2635,2,1
5608,23,1
1595,14,1
1859,14,1
5368,10,1
4354,22,1
760,11,0
5657,16,1
5789,4,1
1512,18,1
5823,31,0
423,2,1
6379,4,1
2840,4,0
1898,6,1
346,16,0
52,21,1
3567,18,1
5539,4,1
1886,13,0
5211,13,1
4649,10,1
3385,16,1
1824,5,1
1573,16,1
6398,12,1
4203,10,1
4939,6,1
2763,15,1
703,13,1
939,3,1
2043,17,1
6315,27,1
3275,5,1
4063,36,1
3948,42,1
6274,46,0
1485,9,1
3478,5,1
3974,6,1
244,3,0
783,2,1
3460,11,1
4991,38,1
215,17,0
4417,8,0
5833,6,1
6427,7,1
2865,27,1
3080,27,1
2560,13,0
4119,14,1
1703,50,1
5642,14,1
4430,25,1
2765,4,1
4038,11,0
2205,22,1
1066,23,0
2964,9,0
4031,4,0
327,12,1
2312,22,1
2845,6,0
715,24,1
2690,26,1
4556,7,1
2949,6,1
1170,4,1
2826,25,1
5077,44,0
602,4,1
4336,12,1
3619,8,1
141,5,0
4376,12,0
1368,9,1
6146,16,0
2562,16,1
61,4,1
4381,14,1
592,5,1
2972,5,1
729,11,1
1029,20,1
3524,6,1
21,25,1
2214,21,1
2964,48,1
3507,33,1
99,21,1
96,17,1
3736,22,1
4303,7,1
4363,2,1
2611,16,1
52,19,1
775,4,1
4283,11,1
6410,27,1
4711,4,1
6431,8,1
4442,12,1
4808,7,1
2513,12,0
2429,17,1
4732,26,1
3205,5,1
2109,15,1
4065,10,1
3877,10,1
6365,17,1
4618,9,0
339,10,1
6274,21,1
12,15,1
5061,11,0
1458,4,1
4357,6,1
5077,11,1
4615,11,1
4515,19,0
388,29,0
3473,13,1
4475,40,1
4496,25,1
2483,10,1
4793,2,1
4603,28,1
4100,15,1
5706,11,1
4602,21,0
2473,29,1
1036,33,0
6271,24,1
2215,16,1
272,7,1
1710,13,1
4964,4,1
2968,14,1
324,2,1
6362,11,0
4137,40,0
2752,14,1
4579,12,1
6381,14,1
3600,13,0
6103,14,1
4071,8,1
4696,5,1
3332,24,1
5930,6,1
1872,10,0
3698,2,1
6401,5,1
5785,11,1
5466,58,1
5684,9,1
397,10,1
2474,2,0
1445,7,1
2031,8,1
4379,4,1
764,2,0
4362,10,1
131,6,1
2570,4,1
5730,16,1
4767,7,1
3949,5,0
5423,5,0
2866,25,1
3915,19,1
5046,14,1
2965,52,1
4104,5,1
775,41,1
4265,10,1
5168,11,1
3482,6,1
1684,1,1
328,58,0
3916,4,1
1828,6,1
6317,26,1
2957,9,1
766,17,1
6317,28,1
1650,14,1
67,7,1
6132,14,1
736,12,1
5039,3,0
2191,25,1
4650,24,0
6270,42,1
3373,10,1
1083,8,1
5426,7,0
2791,14,1
1591,8,1
5125,3,0
188,2,1
4714,5,1
88,17,1
6325,9,0
6487,21,1
5644,8,1
4687,9,1
1100,7,1
4399,7,1
2539,15,0
5389,4,0
1881,15,1
5456,27,0
3742,9,1
5230,22,1
4180,16,1
2484,8,1
1775,5,1
4566,23,1
5568,9,0
6404,5,0
205,10,1
6482,12,1
3335,13,1
3078,17,1
4470,27,0
4328,8,1
2880,33,1
2191,32,1
5869,9,1
140,5,1
91,4,1
4312,36,0
1058,18,0
5781,3,1
2923,7,1
5674,8,1
5582,12,1
2622,2,1
5926,7,1
4355,16,0
4432,14,1
3418,12,1
4362,7,1
5105,16,1
3537,23,1
3913,9,1
24,5,1
2906,6,1
6172,2,1
5679,37,1
6151,13,1
378,14,1
187,14,1
1137,2,0
5856,7,0
1959,7,1
4758,52,1
5974,20,1
2752,18,1
482,5,0
4876,21,1
4754,9,1
1367,23,1
1754,24,0
3959,10,1
1631,18,1
4854,11,1
134,12,1
6251,9,1
5601,15,1
1664,12,0
5535,33,1
2358,22,1
5973,10,1
711,18,0
1210,30,1
1046,8,1
4388,10,1
2233,9,1
4354,24,1
4266,7,0
3353,3,1
4774,3,1
5743,2,1
5455,35,0
827,18,1
6411,20,1
627,6,1
2777,21,0
4390,1,1
4886,2,1
5546,11,1
1512,29,1
4703,8,0
6270,44,1
5679,12,1
2793,5,0
6199,8,1
1604,16,1
865,14,1
2112,8,1
453,4,1
5412,7,1
705,4,1
1734,14,1
3689,10,1
4713,6,1
5378,25,1
2803,22,1
6026,11,0
2435,29,1
2663,7,1
3844,9,1
6220,16,1
6081,24,0
191,11,1
4315,32,0
6425,12,1
6238,10,1
2352,18,1
560,8,0
4736,26,1
5591,7,0
316,4,0
6210,16,1
4241,6,0
4124,20,0
4659,25,1
1797,9,1
4087,3,1
4512,5,1
5314,10,1
4840,11,1
4697,4,1
293,18,1
6071,3,1
3253,9,1
5266,47,1
4542,46,0
3497,22,0
5505,3,1
3366,14,1
4566,25,1
4567,13,1
4749,7,1
709,30,0
6329,10,1
4624,2,0
6269,11,1
4818,3,1
3020,3,1
751,15,1
2617,13,1
6024,17,0
791,5,1
2764,26,1
271,8,1
4495,8,1
5236,26,0
5679,36,1
2036,6,1
1512,30,1
1929,21,0
4113,34,0
4526,24,1
426,32,1
5758,30,1
21,27,1
5817,33,1
243,11,1
1601,17,1
3136,11,1
4533,17,1
5710,20,0
4515,8,1
91,15,1
6271,14,1
449,17,1
2052,11,1
2567,9,0
2822,22,1
4085,14,1
3642,4,1
4802,19,1
2529,25,1
5684,5,1
5625,16,1
1610,24,1
3347,19,1
2491,24,1
1558,9,1
4454,3,0
6441,22,1
5763,34,0
4641,17,1
5018,12,1
197,5,1
2513,43,1
3536,17,1
2948,4,1
4528,6,0
5833,28,0
5033,7,1
2799,5,1
4688,7,1
5549,13,1
5052,5,1
3654,4,1
1345,14,1
118,14,1
2966,17,1
3941,3,1
5004,14,1
710,23,1
451,3,1
1040,26,1
4515,47,0
755,40,1
2917,22,1
5588,13,1
2210,7,1
3990,3,1
3023,18,0
4562,51,0
4607,9,0
5178,22,0
4341,14,0
2588,6,1
5864,23,1
136,18,1
2766,18,1
4491,16,0
5591,36,0
3925,18,1
2076,44,1
1729,25,1
5266,6,1
4755,14,1
206,14,1
1396,5,0
4586,33,1
2454,10,1
4856,19,1
2286,12,1
3718,16,1
1868,6,1
1762,12,0
4671,20,1
3339,17,1
120,7,1
2480,12,1
4074,15,1
731,22,0
775,47,1
2885,15,0
1633,4,1
3970,20,0
4013,18,1
2669,5,1
4991,15,1
3125,37,1
3391,13,1
2958,28,1
6011,33,1
5622,4,1
2216,6,1
344,15,1
4767,13,1
1438,15,1
214,9,1
3380,15,1
106,10,1
4663,19,1
5601,14,1
5860,12,1
731,14,0
4305,10,1
4576,2,0
4779,9,1
6238,16,1
5598,12,1
1664,11,1
2252,44,1
2529,27,1
2412,30,1
2865,41,1
3965,15,1
135,14,1
580,4,1
5801,2,0
2070,9,1
4289,14,1
4416,18,0
31,3,1
2389,13,1
1710,11,1
3919,2,1
580,9,1
1881,7,1
2312,13,0
2765,25,1
1610,30,1
4962,21,1
5849,8,1
5807,8,1
4802,26,1
5780,23,1
5126,9,1
5077,20,1
2462,8,1
3092,23,1
6351,22,1
6151,10,0
305,4,1
2725,18,1
724,21,1
3078,22,1
2880,11,1
4826,30,1
5521,10,1
5763,30,1
2900,7,1
6097,9,1
2168,3,1
2410,12,0
2914,49,0
4128,7,1
1024,4,0
4586,22,1
2057,29,0
3999,22,1
707,8,1
3401,5,0
2427,14,1
3754,2,1
792,4,1
2921,3,1
2166,16,0
2423,8,0
4646,22,0
5667,4,1
2688,14,1
6290,9,1
3986,3,1
2548,23,1
5535,20,1
382,15,0
4475,9,1
4761,18,1
3749,9,1
2740,29,1
2103,11,1
696,18,0
1617,23,1
4326,14,1
4736,29,1
1785,3,1
4652,10,1
686,7,1
2634,20,1
5998,37,0
2380,3,1
3029,17,0
350,9,1
5552,3,1
3789,8,1
496,4,1
328,32,1
111,11,1
3070,33,1
5025,9,1
6405,21,0
2919,76,0
2555,21,0
5550,19,1
82,15,1
4935,5,1
105,11,1
3218,5,0
595,21,1
5038,9,1
2937,6,1
5877,17,0
5017,7,0
994,8,1
1066,21,1
6126,4,1
3143,7,0
4074,17,1
5103,9,1
4711,12,1
5919,22,0
4508,28,1
347,2,0
2701,13,1
5785,16,1
839,14,1
51,6,1
127,19,1
3344,21,1
5354,13,1
5495,24,1
4682,16,1
236,4,1
2290,32,0
2147,20,1
2314,26,1
5911,33,0
4897,28,1
2168,7,1
2919,37,0
5658,4,1
97,6,1
6364,14,1
4383,34,0
2430,4,1
3241,17,1
5778,2,1
2196,18,1
1276,7,1
292,23,1
2196,20,1
5343,21,1
997,5,1
5366,8,1
2585,12,1
67,5,1
208,12,0
4627,16,1
4820,16,1
2086,6,1
2570,19,1
6183,11,1
153,13,1
2008,4,1
2382,18,0
5723,7,0
5707,2,1
908,8,1
143,4,1
2984,34,0
4691,4,1
2462,11,1
731,40,1
3836,13,1
4671,22,1
1343,22,1
5527,22,0
4755,3,1
1858,10,1
4465,5,1
5999,13,0
5580,7,1
8,3,1
3039,11,0
3490,15,1
3618,10,0
86,24,1
1066,27,0
149,11,1
744,18,1
3602,7,1
5633,12,1
47,5,1
3395,30,0
3913,27,0
4564,9,1
5835,20,1
316,15,1
4049,26,1
3814,10,1
2351,35,1
4236,15,0
6471,12,1
4624,25,1
1477,24,1
5085,18,1
2255,19,1
4236,26,1
5343,19,1
3176,14,0
4790,19,1
4934,33,0
5730,26,0
2971,14,1
974,1,1
3928,22,0
4469,8,0
4411,10,1
2435,41,1
4497,5,0
4475,30,0
1914,17,0
655,6,0
6421,4,1
4070,10,0
2919,78,0
2030,16,1
759,36,0
6270,19,1
2628,15,1
2493,4,0
2558,13,1
844,30,0
5010,6,0
5930,10,1
1060,3,1
4340,34,0
6464,7,1
4389,6,0
383,11,0
4429,8,1
70,6,1
2414,14,0
1877,6,1
773,5,1
773,14,1
396,17,1
1478,5,1
6388,10,0
4545,21,1
2884,17,1
6328,11,1
578,7,0
4534,39,0
2953,23,1
5960,13,1
5017,5,0
1779,16,1
2586,13,1
5929,15,1
5616,8,1
5603,8,1
4913,28,1
397,9,0
5861,2,0
2994,42,1
2889,6,1
5962,10,0
4073,4,0
4988,12,1
6389,9,1
1600,20,1
4528,32,1
1215,27,1
2198,19,1
6370,14,0
3984,13,1
3461,40,1
3162,15,1
6209,10,1
5808,8,1
3668,3,1
391,23,0
3347,17,1
5356,50,1
1088,18,1
95,18,1
6395,3,0
4049,39,1
1740,2,1
4739,27,1
2206,7,1
6275,15,1
4044,10,1
2732,2,1
4119,7,1
1664,19,1
2993,27,0
1453,2,1
2833,23,1
3779,8,1
2998,25,1
5059,10,1
5819,6,1
2965,12,1
4137,50,0
4572,10,0
2253,17,1
6313,7,1
6354,4,1
1555,15,0
2043,22,1
3407,4,1
1566,32,1
5047,20,1
3931,24,1
6464,9,1
2802,7,1
5174,9,1
2521,23,0
742,7,1
1547,5,1
3184,14,1
823,20,1
3027,12,0
6256,3,1
2858,17,1
2326,2,0
5635,5,1
1778,5,1
4990,33,1
1773,20,1
2954,23,1
3125,26,1
5535,30,1
2610,6,1
2649,6,1
6270,27,1
5379,12,1
2992,24,1
4312,27,0
3660,21,1
6056,9,1
3767,15,1
989,10,0
1050,18,1
1453,6,1
4219,19,1
1818,2,1
5556,12,1
3002,14,1
4625,2,1
3626,5,1
6353,45,1
1330,12,1
4552,2,1
3,14,1
2876,10,1
2073,10,1
4140,15,1
4369,6,1
3933,4,1
1085,8,1
4184,4,1
4367,4,1
2493,25,1
1569,12,0
4948,4,1
3836,18,1
6007,7,1
2858,16,1
2893,11,1
2348,13,0
1024,6,0
4624,26,1
1555,1,1
6251,46,1
772,5,1
2870,8,1
1543,14,1
2788,4,1
3535,16,1
581,2,1
2410,10,0
2030,34,1
3505,5,1
225,15,0
3841,3,0
4172,6,0
4635,4,1
6354,17,1
1940,8,0
4989,17,1
710,22,1
4521,27,1
2980,19,1
955,12,0
2553,7,1
6172,21,1
1783,19,0
814,2,1
4027,22,1
2070,29,1
746,14,0
4913,9,1
4340,8,0
6190,29,1
3544,16,1
205,30,1
97,5,1
204,5,1
4698,2,1
3095,21,0
3689,21,1
2455,8,0
6026,14,1
2383,3,1
394,52,0
3341,18,1
6271,19,1
1114,2,0
3966,16,1
6172,16,1
3539,16,1
2716,61,1
6319,3,1
292,13,1
282,4,0
5380,8,0
6090,7,0
3410,47,1
871,26,1
3992,2,1
6486,17,0
5600,28,1
2191,5,1
1730,28,1
2121,19,1
6142,2,1
176,40,1
2513,28,1
492,2,0
4897,15,1
5080,3,1
2862,3,0
582,12,1
6329,4,1
1480,8,1
1007,7,0
3478,3,1
5623,12,1
786,4,0
5989,15,1
233,43,1
5730,12,1
2558,12,1
2636,6,1
443,12,1
4308,26,1
5657,17,1
3348,16,0
1736,5,0
1651,17,1
2830,15,1
6482,15,1
2825,13,1
2435,3,1
4185,22,1
5358,10,0
484,4,1
5355,10,1
5844,32,1
3954,18,0
6486,19,0
5687,23,1
2451,8,1
3886,8,1
2569,4,1
3209,9,1
5958,21,1
5774,18,1
5798,9,1
6200,19,1
5370,13,1
4430,4,1
6403,13,1
5645,4,1
4108,4,0
2214,13,1
2491,12,1
2108,40,0
955,16,1
5154,17,1
2564,12,1
4663,28,1
6274,22,1
2691,16,1
4798,11,1
2591,31,1
5236,4,1
1045,13,0
301,16,1
6390,4,1
306,18,1
243,10,0
6382,10,0
2612,20,1
3255,7,1
4344,7,1
3040,6,0
3904,15,1
1276,3,1
4543,15,1
2553,12,1
2965,50,1
2566,11,1
2586,5,1
4565,4,1
4398,8,1
6370,13,0
67,3,1
2864,12,0
1755,22,0
2472,18,1
5970,3,1
4944,26,1
3088,16,0
3918,15,1
823,13,1
2766,23,1
3,13,1
36,7,1
118,5,1
3613,12,0
1735,24,1
866,23,0
5247,5,1
5911,13,0
3030,13,1
4608,15,0
2196,5,1
3218,8,0
5597,7,0
4645,4,1
2213,5,1
1636,12,1
4671,17,1
3471,9,1
2103,3,1
4437,36,1
2849,19,1
4985,9,0
5090,11,1
2198,24,1
4542,34,1
759,35,1
2833,24,1
2507,7,1
1051,4,1
4353,5,0
2194,13,1
88,23,1
2363,10,1
2635,9,0
2194,19,1
4541,5,1
5631,17,1
6232,12,1
6218,12,1
69,10,1
4603,37,1
4323,35,1
2381,26,1
3371,8,0
2717,6,1
2280,7,0
3590,18,1
4179,32,0
151,7,1
515,13,1
4893,5,1
2264,35,1
2346,28,1
4315,42,1
5677,23,1
4884,13,1
2607,2,1
2060,18,1
6252,17,1
2533,11,1
6207,18,0
4434,9,0
5171,7,1
4552,31,1
4753,14,1
6443,17,1
6446,4,1
2432,12,1
2569,14,1
388,6,1
4570,19,0
4908,8,1
3055,22,1
5834,40,1
2644,17,1
90,13,1
3089,37,1
2105,34,0
3828,2,1
4073,24,0
2986,1,0
6310,14,1
4006,24,1
5794,17,1
1894,8,1
3971,4,1
611,2,1
5596,17,1
4572,18,1
2163,7,1
5113,7,1
2517,40,0
3863,6,1
2784,13,1
1465,3,1
2881,13,1
2236,16,1
1498,18,1
1471,20,1
4459,3,1
3107,17,1
3385,14,1
2523,9,1
5591,19,1
2034,5,1
3384,5,1
721,13,0
1510,8,1
1857,12,1
5645,7,1
3747,12,0
1767,8,0
2824,21,1
4426,5,1
5771,8,1
4588,26,1
2942,18,1
2462,23,0
1264,28,1
3916,15,1
779,5,1
3585,3,1
4113,13,1
4294,17,1
2880,44,1
4983,41,1
4257,8,1
4476,25,0
3920,7,1
4039,26,1
6011,8,1
2183,3,1
3502,21,1
5761,22,1
734,11,0
2276,34,1
169,31,1
4182,55,1
3125,14,1
5784,3,1
4452,9,1
3051,26,1
2963,4,1
5817,13,1
2059,7,1
1780,8,1
6375,7,1
5234,30,1
5248,10,1
3829,6,0
5793,19,1
2544,2,1
4635,24,0
5645,9,1
2746,3,1
1054,29,1
5014,9,1
5679,21,1
1044,19,1
5764,20,0
6085,3,1
344,3,0
2972,30,1
3738,17,1
6297,17,1
2902,3,1
967,6,1
997,3,1
3243,5,1
4728,33,1
1024,10,0
3097,14,1
2837,24,1
2194,22,1
1349,13,1
153,12,1
1850,21,1
2512,39,1
765,5,1
3080,6,0
4539,14,1
4589,10,1
1927,10,1
2753,26,1
3617,8,0
1033,5,1
6065,7,0
3342,26,1
1082,26,0
2560,4,1
3564,55,1
3058,23,1
5231,21,0
6157,19,1
2199,29,0
4150,16,0
5603,12,1
3582,26,1
3500,12,1
4732,14,1
487,7,1
5636,8,1
4467,8,0
4035,13,1
400,12,1
5645,6,1
4648,24,1
4136,25,0
1751,38,1
3014,14,1
387,28,1
1084,7,1
6088,17,1
3658,9,1
1527,10,1
184,12,1
2953,24,1
6473,11,0
4758,26,1
224,11,1
641,3,1
1421,12,1
4235,19,0
6388,26,1
4176,4,1
4160,16,1
2083,10,0
5482,18,1
6253,11,1
5579,15,1
5620,14,1
4952,5,1
3826,16,1
4581,15,0
4790,13,1
3216,9,1
4563,30,0
2181,6,1
4324,2,0
2723,11,1
1069,12,0
176,17,1
4886,29,1
2515,20,1
3369,22,1
301,25,0
5282,7,1
1627,9,1
2964,35,1
5077,31,1
2830,12,0
2362,13,1
2470,27,1
3494,15,0
2199,9,1
3092,31,1
2446,34,0
5584,1,1
4457,34,1
4680,26,1
880,14,1
5232,12,0
1349,6,1
3395,25,0
137,5,1
5092,7,1
4431,17,1
1392,11,1
4400,20,1
3499,11,1
3110,3,1
1262,31,0
141,15,1
543,12,1
1922,12,1
6303,37,1
2145,58,1
2052,33,1
3090,10,1
1149,25,0
3580,8,1
4335,9,0
4593,50,0
223,10,1
2790,8,1
5478,7,1
2545,14,1
795,12,1
2175,11,1
4135,12,0
2768,15,1
2039,25,1
5475,20,1
2210,21,1
4543,5,1
2353,14,1
542,14,0
3969,11,0
165,3,0
2215,41,1
2560,21,1
2677,17,1
2458,22,0
4137,49,1
1405,9,1
2788,18,1
6472,2,1
3999,24,1
4548,28,1
4323,16,1
3887,4,1
242,7,1
103,17,0
4110,25,1
2716,35,1
4808,43,1
2184,6,1
3986,57,0
4313,23,1
5740,5,1
233,26,1
6376,3,1
3087,20,0
2837,15,1
2028,20,1
4750,5,1
2052,21,1
3390,13,1
4838,7,1
389,18,1
3796,3,1
5959,3,1
1561,4,1
2224,12,1
5661,37,1
4040,12,1
1639,17,1
1622,13,1
2825,14,1
3252,12,0
785,11,1
5540,19,1
2993,4,1
866,3,1
2964,15,1
6141,23,1
5193,1,0
2530,18,1
5255,16,0
549,11,0
3312,12,1
2837,4,0
2589,7,1
70,24,1
4173,26,0
866,15,1
5595,10,1
4676,12,1
2030,31,1
2640,8,1
1122,9,1
6231,3,1
4140,16,0
2706,3,1
2030,54,1
2973,8,1
4624,21,1
2898,26,1
4234,15,1
5541,12,1
1042,7,1
2887,5,1
5765,6,1
6140,13,1
4665,10,1
5840,15,1
5743,3,1
4400,5,1
6375,3,1
4540,20,1
4555,8,0
4039,41,0
2942,23,1
4542,15,1
2984,6,1
2536,45,1
2761,8,1
5352,15,1
5600,30,0
2796,10,1
1304,7,0
359,7,1
1497,19,1
5013,13,1
2455,10,0
2558,14,0
3984,29,1
805,13,1
71,14,0
922,17,1
5287,11,1
66,19,1
738,16,0
2058,19,1
2535,9,1
155,9,1
4363,11,0
3971,1,1
280,17,1
6299,17,1
3492,38,1
2765,26,1
5818,45,1
5660,12,0
2620,10,1
4150,23,0
768,11,1
2977,9,1
1051,25,1
966,35,1
4533,13,1
3828,9,1
5812,33,1
4468,13,1
746,13,1
4709,6,1
488,5,0
5836,37,1
4482,22,0
3931,46,1
4382,1,1
4758,48,1
4390,24,0
5211,15,1
3993,12,1
96,18,1
4483,14,0
4585,40,1
4207,3,1
4389,7,1
2134,19,1
4305,18,1
6263,53,1
2030,26,1
4435,38,1
1548,7,1
1448,22,1
1044,36,1
2942,27,1
5447,11,1
2498,3,1
4027,9,0
797,12,0
346,25,1
191,1,0
6437,12,1
820,18,1
961,12,0
4606,24,0
1536,17,1
2530,12,1
6456,14,1
5417,8,0
4860,22,1
6239,13,1
2901,7,1
4065,25,1
2435,63,1
3567,4,1
4516,7,1
387,17,1
2697,21,1
2143,14,1
639,11,0
2531,6,1
4550,4,1
5640,17,1
5553,15,0
2536,11,1
4640,5,1
3553,4,1
6149,20,0
3045,12,1
328,17,1
4588,25,0
2507,29,1
2194,24,1
5247,19,0
4263,13,1
2476,35,1
5606,7,1
2077,13,1
3695,17,1
4827,7,1
2513,41,1
382,14,0
5213,16,1
3592,11,1
4610,16,0
4862,5,1
2754,1,1
2885,22,1
2215,32,1
524,38,1
171,4,1
5809,8,1
6476,9,0
4708,20,1
1573,6,1
6133,6,1
516,6,1
2129,3,1
5668,25,1
4038,21,1
5914,5,0
5887,5,1
1276,6,1
5534,11,1
2415,9,1
6134,7,0
1561,17,1
685,3,1
3161,8,1
6388,19,1
2382,16,0
3125,16,1
1631,15,0
5846,3,1
850,12,0
3312,9,1
3204,4,1
2865,15,0
380,24,1
4665,14,1
2476,26,1
4998,6,0
4610,6,0
3529,25,1
2823,10,1
1762,6,1
2544,7,1
2527,15,1
3328,7,0
2789,13,0
4729,24,1
5355,27,0
3262,13,1
4575,12,0
4990,44,1
2414,26,1
3282,5,1
5891,5,1
59,15,0
5074,6,1
4086,5,1
4453,43,1
1791,19,1
3038,12,0
4274,28,1
4734,9,1
4689,32,1
6146,4,0
3052,21,1
6298,13,1
2381,12,1
4453,27,1
3395,34,0
2548,6,1
5865,13,1
4567,12,1
2227,6,1
3891,21,1
3182,25,1
6172,6,1
2555,2,1
6174,9,1
2746,43,0
4044,6,0
2299,21,0
2965,45,0
2094,4,1
5758,35,1
3986,24,1
5097,10,1
4107,25,1
5764,25,1
1600,4,1
2478,11,1
3506,23,0
6269,10,1
4643,9,1
6210,13,1
4113,32,0
5077,42,1
5367,2,1
5082,3,1
4333,20,1
4268,58,1
2919,49,1
4271,17,1
3903,8,1
59,4,0
4074,19,1
1601,23,1
2569,25,1
2512,15,1
2722,3,1
4703,6,1
361,7,0
847,19,1
3058,34,1
2252,29,1
4608,28,0
3789,5,1
4896,2,1
250,11,0
5682,19,1
5921,1,0
6378,4,0
1034,6,1
796,9,0
210,8,0
5308,7,1
5730,45,0
3439,7,0
5467,16,1
2130,14,1
6199,5,1
1915,8,1
2676,14,1
2350,16,0
2594,38,1
5678,17,1
4919,22,1
6320,4,1
1682,6,1
2833,21,1
2214,15,1
36,13,1
3987,16,1
5864,21,1
4332,9,1
6085,5,1
956,16,1
2245,4,1
2689,18,1
1567,17,1
5380,9,0
396,27,0
3916,17,1
1547,3,1
4775,3,1
5527,8,1
4971,30,1
2073,23,1
4165,19,1
126,20,1
968,3,1
5222,9,1
5379,9,0
4423,29,1
318,27,0
941,37,1
3108,22,1
4704,17,1
4670,24,1
6376,12,1
446,7,0
4315,33,0
2993,8,1
4593,47,1
3125,23,1
4320,11,1
2005,1,1
6441,7,0
2117,8,1
5758,19,1
280,5,0
3298,11,1
4579,16,1
3989,8,1
4706,23,1
3121,1,1
831,11,1
3649,5,0
3507,7,1
5955,9,1
2083,5,1
5647,8,1
2632,10,0
6343,19,1
2849,35,0
5678,13,1
2607,16,1
6414,3,0
6487,32,1
3931,21,1
2294,9,1
3418,13,1
2972,26,1
5760,20,1
4313,28,1
4313,12,1
4614,25,1
59,18,1
1949,6,1
6419,11,0
2899,22,1
2878,5,1
12,21,0
4496,9,1
4493,10,1
5837,35,1
3804,13,1
2800,16,1
4810,1,1
404,12,1
2837,11,1
828,33,1
721,8,1
2780,10,1
2797,12,1
5842,3,1
2358,1,1
1786,10,1
4789,8,1
2480,22,1
815,5,1
3221,27,1
1915,13,0
4755,13,1
6172,15,1
1477,23,1
2946,25,0
4619,3,1
4418,2,1
401,10,0
1090,19,1
5463,32,1
3159,6,1
1717,26,0
4480,8,0
5526,10,1
32,41,1
3154,15,1
6439,17,1
5486,17,1
4027,11,0
4755,19,1
5208,3,1
104,11,1
1710,6,0
152,18,1
4086,7,0
4185,15,1
2843,5,0
2471,8,1
1728,2,0
6398,13,1
2901,11,1
1468,13,0
3161,11,1
4524,40,1
188,3,1
3935,7,1
1447,10,0
2554,10,1
6435,13,1
1989,2,1
5159,17,0
6303,30,1
1991,10,1
2770,19,1
3903,10,1
3125,28,1
6011,35,1
4917,11,0
3131,2,1
6131,26,1
5548,9,1
580,12,0
4566,34,1
4369,12,1
279,10,1
4596,46,0
5166,1,0
750,4,0
3015,12,0
1344,10,0
4439,14,0
2530,14,1
3568,26,1
2527,20,1
4038,2,1
2873,34,1
3036,24,1
2531,15,1
606,2,0
3424,18,1
5569,22,1
3159,22,0
2153,5,1
6283,16,1
519,12,1
216,13,1
5313,2,1
187,13,1
2428,27,1
5266,48,1
2781,23,0
5785,12,1
5558,3,1
391,16,0
2683,14,1
4676,15,1
4214,12,1
315,16,1
2916,23,1
2654,11,1
4408,41,1
4626,9,1
3144,13,1
5527,34,1
4633,23,0
6401,11,1
398,8,1
4351,4,1
2891,5,1
4309,39,1
457,7,0
5596,11,1
2827,9,1
5175,5,1
4046,9,1
5846,22,1
4573,8,1
4539,34,1
887,4,1
2031,5,1
5255,11,1
5457,5,0
4470,37,0
2867,2,0
4378,16,1
3035,4,0
3004,20,1
4143,13,1
5529,5,1
4208,31,1
3079,14,0
357,16,1
5177,17,1
5999,8,1
3149,10,1
4988,29,1
2566,31,1
700,11,1
2545,7,1
2068,11,1
6307,2,1
6284,3,1
3785,10,1
584,4,0
1844,6,1
4656,11,1
3146,8,1
4398,6,1
4907,10,1
5540,13,1
3077,24,1
6293,25,1
1754,14,0
4398,14,1
5726,5,1
5847,21,1
3712,9,1
4331,4,1
4355,15,0
5858,5,1
4747,8,1
128,13,0
1088,16,1
877,10,1
2429,29,1
6274,24,1
1402,14,1
5806,43,1
4349,58,1
254,8,1
3534,4,1
316,27,1
3810,9,1
3956,4,0
4328,14,1
3078,16,1
2616,36,1
4606,7,1
1215,7,1
1764,4,1
1633,3,1
3037,14,1
2924,3,1
4487,7,1
4771,34,1
5874,27,1
4327,26,1
5839,6,1
2043,33,1
1806,11,0
2469,15,1
3105,11,1
2893,56,1
180,14,1
5150,3,0
5640,12,1
2973,10,1
3384,10,1
5766,9,0
3114,8,1
2165,3,1
2979,7,0
3475,29,1
405,16,1
2884,4,1
2317,1,1
6420,10,1
3228,18,1
1895,1,0
2465,16,1
2598,9,0
5181,1,0
5406,6,1
4571,9,1
3801,16,1
4931,53,1
3332,37,1
1598,15,1
804,8,1
3996,6,1
670,20,0
1130,3,1
106,15,0
54,15,1
6391,3,1
2771,13,1
1854,10,0
2548,7,0
312,20,1
840,9,1
1017,19,1
2382,28,1
987,24,1
954,5,1
2364,12,1
2351,29,1
4427,14,1
32,33,1
3740,8,1
4536,6,1
4948,14,1
2531,5,1
1875,8,1
728,14,1
2330,19,1
5004,20,1
452,8,1
4315,27,1
5187,4,0
3993,10,1
4439,16,1
5803,8,1
6243,10,1
4113,11,1
2803,18,1
3182,29,1
2541,22,0
3582,35,0
4013,9,1
147,8,1
2113,13,1
3371,14,1
80,23,1
4857,15,1
355,7,1
3891,29,1
6214,4,1
3151,13,1
4419,18,1
841,5,1
2799,9,1
4011,34,0
1666,6,1
2055,20,0
99,26,1
5486,25,1
3545,12,0
5886,11,1
4382,16,1
4573,15,1
292,19,1
5737,34,1
4085,13,1
3386,20,1
5343,37,1
5068,30,1
1974,3,1
4070,22,0
58,4,1
6384,6,0
5287,7,1
5688,21,1
4578,4,1
1075,7,1
2105,32,1
4119,1,0
4816,49,1
755,22,0
1512,40,1
2058,6,1
6364,8,0
96,15,1
23,10,0
4649,7,1
4501,13,1
2833,6,1
1222,7,0
5201,11,0
3016,2,1
5103,11,1
1779,10,1
87,11,1
6218,14,1
4127,13,1
6169,11,1
1717,35,0
1732,24,1
6345,48,0
5539,10,0
6328,15,1
6474,3,0
4212,17,1
1471,16,1
6303,39,1
960,11,0
3837,11,1
4100,11,0
5842,19,1
687,6,1
588,9,1
4944,23,1
2690,16,0
4843,3,1
740,17,1
4233,12,1
2784,29,1
2507,26,0
4934,27,0
6131,16,1
5486,6,1
6271,18,1
3299,12,1
3456,16,1
2480,21,1
5247,11,0
22,8,1
4758,12,1
3988,5,1
2612,5,1
4436,5,1
6135,2,0
727,27,0
3109,6,1
4886,12,0
3096,10,1
3529,10,1
5996,28,1
1274,10,1
4611,11,0
2371,14,1
2444,18,1
6405,11,0
2191,28,1
3205,28,1
4430,26,1
3555,26,0
3031,7,1
6238,13,1
3576,6,1
709,29,0
4033,4,1
5036,15,1
3055,27,1
4020,13,1
1860,13,0
1945,20,1
5356,10,1
2539,5,1
5630,9,1
5811,17,0
4562,38,1
812,14,1
2448,21,1
1826,7,1
5386,8,0
1589,6,1
4115,8,1
6260,8,1
4766,13,1
4526,2,1
6252,11,1
1066,26,0
2916,18,1
740,51,1
4056,4,1
1826,15,1
3090,31,0
3092,26,1
3233,13,1
934,26,1
4435,20,1
2759,9,0
929,2,1
6269,13,1
5962,13,1
1425,19,0
4622,15,1
4140,5,1
1139,11,1
1036,22,1
1961,1,0
3804,11,1
876,8,1
6190,4,1
4672,8,1
5608,22,1
5587,7,1
3080,32,1
4415,4,0
49,8,1
4381,3,1
5642,43,1
3953,8,0
3848,25,1
2546,8,1
447,10,1
4053,6,1
2244,7,1
1838,5,1
4435,10,0
71,11,1
2716,29,1
3274,11,1
3553,27,1
2134,12,1
4446,17,1
2765,3,1
1456,11,1
2517,44,1
823,17,1
2924,12,1
349,3,0
4708,28,1
5682,8,1
2551,25,1
138,26,1
4476,65,1
2900,13,1
1600,9,1
488,25,1
4927,14,1
1600,3,1
2757,12,0
6304,15,1
2869,5,1
757,11,1
4686,7,1
5545,31,1
5638,13,1
4332,22,1
3492,7,1
585,16,1
2210,6,1
2426,11,1
2784,9,1
2654,4,1
6415,14,1
1808,12,0
5611,10,1
2841,3,1
5003,15,1
2987,16,1
4944,28,1
720,15,1
70,11,1
2482,12,0
6324,9,1
3918,10,1
2169,15,1
5369,7,1
3429,16,1
5141,25,0
1844,8,1
2681,9,1
1773,4,1
2465,17,1
1391,28,1
1082,20,0
226,27,0
4391,15,1
3205,7,0
3378,13,1
4037,2,1
5590,16,1
2883,3,1
2510,10,1
4521,13,0
5995,15,1
5647,17,1
3079,19,1
5682,31,0
6356,15,0
6396,9,1
4565,18,1
1139,2,0
3365,22,1
5766,3,1
3080,20,0
5123,17,0
4876,8,1
4710,8,1
1905,20,1
2984,25,1
6159,4,1
1827,18,1
3221,29,1
4611,6,1
3129,21,1
2227,23,1
5358,24,1
2199,5,0
5764,56,1
4242,9,1
5562,14,1
6268,15,1
1631,11,1
2572,22,1
4652,9,1
312,5,1
755,16,0
2513,56,1
1005,8,0
5090,18,1
5340,8,0
3890,10,1
2452,5,1
1591,12,1
2578,32,0
5295,8,1
4667,7,1
3965,12,0
4690,8,0
4209,4,1
4943,7,1
1709,11,0
1702,10,1
5070,11,1
5594,6,0
4687,20,1
3474,18,1
5935,3,1
4458,20,1
4468,16,1
4660,19,1
4345,28,1
68,5,1
221,7,0
2133,7,1
4349,48,1
2658,7,1
839,6,1
4492,12,1
3021,9,1
5818,17,1
2401,11,1
6401,39,1
3734,7,0
3462,11,1
2563,2,1
4329,8,1
716,5,0
1860,5,1
144,3,1
5780,16,0
1095,13,1
2946,8,1
290,26,0
4082,19,1
4715,12,1
887,10,1
4429,9,1
2246,19,1
2290,36,1
2331,13,1
2315,5,1
4567,5,1
737,24,1
733,13,1
5326,17,1
5082,13,1
4137,15,1
625,1,0
1778,7,1
308,3,1
1875,3,1
3460,19,1
177,8,0
5758,36,1
6381,19,1
4387,4,1
1970,12,1
1029,22,0
2327,9,1
1079,19,1
1303,38,1
695,4,1
4762,18,1
2509,11,1
4104,9,1
203,18,1
5527,32,1
2111,6,1
4686,12,1
6156,16,1
752,30,1
3009,5,1
5767,23,1
1848,32,1
2057,11,1
1951,5,1
4711,23,1
3026,26,1
5042,8,0
3920,5,1
5930,8,1
6389,11,1
592,8,1
2168,11,0
4949,21,1
6133,30,1
1973,3,1
2249,4,1
2483,3,1
6439,9,1
131,23,1
3599,7,1
536,6,1
243,1,0
4614,16,1
4737,28,1
4767,21,0
3440,9,0
3380,29,1
4335,23,1
1400,9,1
4441,15,0
2618,11,1
2188,4,1
3135,14,1
3954,5,1
243,13,0
108,7,1
5534,13,0
2351,25,1
5730,5,1
4533,4,1
4993,32,1
1631,14,1
3080,1,0
4490,17,1
4992,12,1
791,12,1
6303,26,1
5587,20,1
4765,16,1
6238,15,1
1730,16,1
2536,52,1
313,7,1
4673,19,1
900,29,1
3992,6,1
5012,30,0
966,27,1
3873,11,1
4673,12,1
6156,21,0
5555,12,1
4697,12,1
4157,15,0
3019,13,1
4827,15,1
6437,4,1
4017,11,1
1312,19,1
6482,8,0
5036,7,0
4316,47,1
3415,24,1
1940,10,0
1940,13,0
848,17,0
4545,15,1
3539,13,1
2753,36,1
2566,5,1
1690,10,0
2545,2,1
6467,5,1
2924,13,1
4069,17,1
146,1,0
3315,5,1
156,7,1
2616,12,1
4622,12,1
545,6,1
1679,23,1
2569,12,1
1061,15,1
5299,10,1
973,17,0
1430,4,1
2351,36,1
4487,9,1
800,3,1
3965,14,1
4860,15,1
1858,4,1
2553,18,1
731,11,0
1891,4,0
3037,10,1
4904,19,1
2887,16,1
2869,7,1
232,10,0
4386,12,1
2444,9,1
4024,27,1
3978,11,1
4585,29,1
5894,15,1
4115,14,1
4550,3,1
5602,6,1
6078,8,1
3065,5,1
4771,12,1
4894,16,1
3105,36,0
323,12,1
6456,15,1
327,11,1
963,1,1
1157,12,0
4121,25,1
979,36,1
3461,28,1
2969,9,1
1784,8,1
6389,12,1
5486,28,1
2958,42,1
4517,15,0
1762,5,1
4354,14,1
215,11,0
5401,20,0
1830,9,1
595,10,1
6351,15,1
4513,4,1
4185,3,1
775,13,1
2729,2,1
4546,28,1
2622,3,1
3296,16,1
2964,37,1
702,5,0
1779,25,1
5541,6,1
4912,6,1
4322,20,1
3649,8,1
41,19,1
6354,9,1
1040,17,1
2030,27,1
5491,27,0
4521,4,1
5562,6,1
2231,4,1
2594,15,1
6414,7,1
3225,1,1
2849,9,1
6216,4,1
4633,11,0
627,21,1
5234,40,1
1018,21,1
2487,12,1
2235,5,1
956,31,1
6271,26,1
2388,18,1
6401,12,0
3579,3,1
5549,4,1
522,10,0
1036,23,1
2746,30,1
3536,23,1
2871,23,1
600,9,1
3080,35,0
346,6,1
3090,42,1
5668,6,1
4306,30,0
5013,3,1
4496,10,0
4304,2,1
4544,6,1
812,18,0
4712,7,1
3625,11,1
5221,21,0
5166,8,1
1264,10,1
5370,25,0
6330,11,1
2719,18,1
4556,5,1
5195,12,1
2114,8,1
2691,4,1
3949,1,1
6371,18,1
4056,7,1
2476,11,1
3135,15,1
3483,23,1
3986,5,1
122,21,1
4523,23,1
4182,11,1
4,3,1
5669,29,1
3910,13,1
3340,10,1
752,31,0
365,25,0
5005,7,1
806,6,1
5295,3,1
2375,9,1
6447,12,0
3342,29,1
4113,49,1
5794,6,1
2455,14,1
4311,30,0
6456,11,1
235,17,0
4521,47,1
3063,13,1
2113,4,1
2567,4,1
6169,3,1
2594,21,1
4094,7,0
955,25,0
5041,22,1
3542,17,0
1954,14,1
4987,18,1
32,28,1
4358,5,0
1390,8,1
5616,5,1
3438,25,1
4528,29,0
4369,17,1
2264,16,1
3904,3,1
3129,20,1
4562,20,1
4244,3,1
1127,9,1
1379,7,1
5730,27,1
432,7,0
5803,7,1
4446,21,1
6368,4,1
5803,29,1
225,36,0
840,27,1
4107,35,0
3931,9,1
4808,3,1
4562,8,1
4338,7,1
266,4,1
4048,10,1
4383,8,1
6436,10,1
4934,25,0
4041,13,1
2349,15,1
2807,15,1
1839,4,1
6471,16,1
2987,4,0
4137,45,1
5800,22,1
921,14,1
698,34,0
6227,22,1
2416,16,1
425,6,0
4572,19,1
4535,12,0
2428,26,0
71,7,1
243,8,0
4596,48,1
4842,8,1
2237,15,1
5879,15,1
3307,11,1
4268,54,1
1357,3,1
2536,15,1
5545,11,1
1614,18,1
541,7,1
1751,48,1
1762,3,1
23,7,0
5603,11,1
5014,7,1
6401,27,1
6467,9,1
1664,5,1
316,11,0
3968,5,1
4522,1,1
3968,25,1
993,6,1
327,15,1
5535,12,1
4110,42,1
2993,9,1
4215,17,1
2969,10,1
859,33,0
4077,5,1
102,4,0
2895,5,1
3119,14,1
2855,12,1
4602,6,1
1697,12,1
353,4,1
4347,6,0
6399,27,1
731,32,1
1344,6,1
820,19,0
4142,25,1
2868,11,1
6369,2,1
2030,52,1
2151,7,1
2051,13,1
5328,15,1
19,12,1
3777,9,1
3513,5,1
6218,16,1
4465,15,1
2829,17,1
1727,3,1
189,2,1
6248,11,1
3582,4,1
4932,30,1
4680,13,1
6312,6,1
2808,13,1
2913,9,1
357,14,0
5800,16,1
3068,20,1
3080,41,0
3094,13,1
2149,16,0
4158,17,0
2473,16,1
5635,13,0
3919,3,1
216,17,0
6419,13,1
3159,8,1
2840,15,1
2676,8,0
4476,62,0
5631,8,0
4409,5,0
4309,29,1
205,18,0
1547,9,1
2843,10,0
6424,35,1
4822,14,1
3917,2,1
2394,3,1
130,6,1
2745,23,1
972,4,0
4529,2,1
77,10,1
5036,3,1
5626,7,0
4011,15,1
478,13,1
5423,4,1
1405,10,1
3291,7,1
3601,7,0
3986,56,1
324,5,1
1332,11,1
3463,17,1
941,34,1
2440,26,1
2816,12,1
2436,25,1
5560,18,1
4578,21,1
3922,26,1
1383,8,1
3471,14,1
6300,14,1
6436,8,1
1056,9,0
90,11,1
2139,3,1
3088,11,1
1,15,1
5989,3,1
3021,16,1
2608,3,1
2973,9,1
6215,11,1
4106,16,1
6274,35,1
6143,8,1
1660,13,1
828,3,1
5391,3,1
1307,11,0
2993,5,1
3027,10,1
4837,8,0
3116,3,1
2077,24,0
2203,12,1
1348,20,1
1804,6,0
2413,10,1
4990,49,0
6380,4,0
4846,15,1
2718,2,1
2587,10,1
2913,27,1
3613,3,1
4113,54,0
3187,16,1
6299,24,1
3928,19,0
1767,6,0
4637,4,0
770,2,1
3240,6,1
5232,30,0
3130,16,1
5916,2,1
5701,25,1
5300,35,1
5860,6,1
329,7,0
3550,19,0
962,14,0
6472,28,0
2482,17,1
851,16,0
2858,21,1
2891,17,0
4991,7,1
3511,25,1
5275,2,1
1036,12,1
2426,7,1
5099,5,1
6402,14,1
2192,11,1
5140,7,0
6489,21,1
2531,17,1
4122,48,1
5974,18,1
6363,6,1
959,6,1
5537,6,1
979,1,1
4973,8,1
4087,20,1
4800,18,1
744,20,0
786,9,0
1613,11,1
4523,12,1
6013,10,0
2568,17,1
5356,52,0
716,8,0
2866,27,1
2580,28,1
1910,8,1
234,12,0
4795,21,1
3989,14,1
3004,32,1
3439,6,0
3582,11,1
5596,9,1
6405,9,1
5741,9,1
4857,11,1
542,16,1
4182,60,1
2156,6,1
4686,13,1
6484,2,0
5521,5,1
4850,13,0
6149,26,1
4590,2,1
4767,5,1
2311,8,0
358,12,1
2843,4,1
839,21,1
4164,5,1
3633,7,1
6353,17,1
3710,16,1
3633,5,1
2165,15,0
290,34,0
823,19,1
3256,12,1
2646,11,1
2987,18,0
3248,3,1
317,5,1
4387,11,1
5679,27,1
558,15,1
3355,22,1
4732,20,1
3916,6,1
5920,1,0
6274,19,1
3439,17,1
2935,7,0
5521,1,0
1137,5,1
3598,15,1
924,8,1
3858,3,1
1483,7,1
81,14,1
2146,11,1
4434,28,0
2242,7,1
4611,10,1
5971,14,1
907,9,1
1366,16,1
4662,10,1
6476,21,0
2679,23,1
3075,26,1
5799,11,1
5589,9,1
5015,25,0
2487,5,1
5470,21,1
519,7,1
3967,11,1
6403,8,1
315,26,0
2885,3,1
5005,6,1
618,5,0
310,16,1
5700,13,1
2800,4,1
3873,9,1
467,5,1
6263,45,1
2966,18,0
6441,17,1
276,23,0
4437,23,0
31,7,1
4040,21,1
1874,13,0
3348,21,0
12,10,1
5131,8,1
734,7,0
2351,45,1
5714,2,1
3203,13,1
5126,21,0
4370,11,1
1631,19,1
222,15,0
2873,32,0
318,24,1
2423,7,1
5838,19,1
820,17,1
4931,38,1
178,12,0
2958,38,1
2279,7,0
2865,35,0
2346,4,1
4809,16,0
4542,4,0
6044,15,0
5902,2,1
5254,9,1
4434,23,0
4593,21,1
6226,4,1
1571,3,1
2060,25,1
1224,29,1
5839,8,1
3088,17,1
1825,5,0
2512,11,1
6247,13,1
5820,16,1
2164,6,1
4039,5,1
3373,22,1
1361,5,1
4585,15,1
3103,4,1
6445,5,1
292,9,0
5642,8,1
5452,9,1
3125,30,1
0,5,1
5489,9,1
2337,14,1
2548,35,1
3598,24,0
3187,3,1
1063,8,1
5759,5,1
2956,8,1
2637,17,1
813,10,1
4622,3,0
17,11,1
2452,4,1
2686,3,1
1149,16,1
2518,39,1
2770,23,1
3139,23,1
6136,7,1
3057,2,1
5903,7,1
6252,9,1
2024,5,1
808,2,1
4065,4,1
6349,8,1
3969,14,1
2566,33,1
3335,15,1
4482,12,1
5707,8,1
216,14,1
2834,14,1
4624,6,0
4260,18,0
6131,21,1
76,7,1
2957,6,1
5545,35,1
6090,1,1
2902,15,1
2689,12,1
5562,11,0
327,10,1
2556,2,1
2726,6,1
4237,16,1
3125,50,1
3335,11,1
4451,25,1
4319,17,1
53,2,1
4787,24,1
5662,25,1
5280,8,1
2427,8,0
2751,3,1
3332,19,1
3074,21,1
6256,5,0
4446,11,1
5758,38,1
114,18,0
5685,12,1
6002,13,1
4967,19,1
2375,11,1
6434,4,1
2588,20,1
5758,17,1
6294,5,1
4820,12,1
2849,8,1
5979,11,1
2093,3,1
6270,51,1
2166,8,1
4765,14,1
4322,28,1
4658,13,1
1822,5,1
5055,18,1
205,22,0
4838,19,1
6289,24,1
2277,10,1
2848,11,1
4458,25,1
4650,27,0
2183,14,1
2939,30,1
4645,12,1
740,22,1
4511,4,1
3171,10,1
3511,26,1
3063,17,0
3984,25,0
1646,10,1
160,2,1
2285,4,1
4236,14,0
2496,11,1
4333,9,0
953,6,1
4494,18,1
4531,7,0
5100,13,1
4898,40,0
326,4,1
4049,9,0
6424,27,1
5509,13,1
4682,7,1
5747,7,1
6081,16,1
455,28,1
4437,12,1
4024,22,1
1097,18,1
4386,4,1
4122,13,0
1210,31,1
3878,15,1
3662,8,1
644,13,0
4157,4,0
3514,14,1
3148,7,1
5253,2,1
582,10,1
2768,13,1
4751,10,1
484,8,1
1044,31,1
5354,11,1
3087,14,0
520,9,1
2896,28,1
3051,23,1
1941,5,1
394,17,0
2718,4,1
4073,1,0
1326,6,1
1791,18,1
741,1,0
3441,3,0
2578,53,1
4803,12,1
2074,3,1
484,12,0
4379,10,1
3557,18,0
1703,9,1
133,18,0
2594,39,1
3410,36,0
5737,17,1
322,15,1
2740,2,1
4605,35,1
3066,3,0
4185,16,1
2100,23,1
2966,16,1
3000,11,0
4096,10,1
4611,12,0
2849,40,1
85,23,1
786,16,1
4049,29,1
5470,31,1
2356,9,1
841,17,0
3126,3,1
187,12,1
236,6,1
751,12,0
2667,12,1
2891,21,1
3976,22,0
6228,4,1
2707,11,0
5309,19,1
132,4,1
6299,22,1
5757,29,0
149,12,1
5787,14,1
3618,8,1
1635,2,1
4758,19,1
2555,22,1
2639,6,1
2568,4,1
4915,10,1
4436,22,0
1260,10,0
5619,9,1
12,13,1
725,28,1
712,7,0
4691,7,1
2155,15,1
84,23,1
2304,6,1
2493,19,0
4511,8,1
754,14,0
4862,11,0
5687,19,1
4575,4,1
728,18,1
3660,23,1
328,57,1
5661,35,1
2513,10,1
6250,5,1
4263,18,1
910,15,1
6434,8,1
73,9,1
5545,33,1
5708,8,1
2591,24,1
3058,3,1
2205,20,1
4729,25,1
2865,12,1
4563,14,1
4255,24,1
2439,33,0
2827,8,1
5686,9,1
5243,6,1
1778,10,1
6115,2,1
1974,7,1
2605,8,1
4136,21,0
1326,9,1
4765,30,1
4536,28,1
6239,15,1
3080,11,1
2945,5,1
2946,9,1
6426,12,1
756,3,0
724,15,1
1902,3,1
6227,4,1
4377,10,1
2891,48,1
1102,7,1
2574,32,1
2209,10,1
729,41,1
3204,38,1
4070,6,1
6308,8,0
4835,16,1
3813,3,1
6261,18,1
5834,24,1
783,6,1
6251,8,1
1049,6,1
3587,11,1
41,16,0
2358,33,1
3313,8,1
3117,17,1
389,23,1
5106,20,1
5974,2,0
781,4,1
4907,12,1
727,35,0
2874,13,1
4077,13,1
6441,4,0
2073,12,1
2128,4,1
979,26,1
1013,10,1
1067,20,1
4802,21,1
4827,14,1
5701,8,1
2314,20,0
3243,7,1
5996,18,0
3870,13,1
306,20,1
1720,17,1
3389,11,0
2863,10,1
2401,5,1
2910,19,1
426,45,0
5736,26,1
4765,11,1
3903,4,1
2922,8,1
5167,9,0
6251,47,1
3045,7,1
3082,15,1
732,1,0
2637,29,1
2791,10,1
133,14,1
2572,3,1
5774,11,1
4165,17,1
44,13,1
222,5,1
1302,10,1
2640,9,1
3112,17,0
6485,12,1
2032,8,1
4939,4,1
2784,16,1
2056,27,1
2918,12,1
6132,9,1
81,20,1
4434,10,1
6384,3,1
6307,5,1
1566,13,1
3862,8,1
5085,19,0
4531,2,1
4625,1,0
2248,16,1
702,11,1
2346,21,1
3892,7,0
4385,21,1
5811,27,1
1088,20,1
2643,7,1
4910,10,1
4280,13,0
4612,2,0
332,3,1
4888,1,0
840,3,1
5638,12,1
323,14,1
4070,12,0
4119,15,0
388,20,1
4220,6,1
2124,13,1
1170,12,1
3049,3,0
3674,7,1
2777,36,0
4267,27,1
4333,18,1
2299,19,1
2610,13,1
6441,16,1
3055,5,1
212,1,0
4820,14,1
1060,10,1
2386,4,1
6052,3,1
5,13,1
1183,4,0
6315,17,1
2849,42,0
3001,8,1
131,28,1
5680,3,1
6248,25,1
423,3,1
6353,26,0
2873,21,1
595,4,1
5418,8,0
4287,3,1
5371,18,1
1391,23,1
4029,20,1
2487,7,1
1773,21,0
3815,11,1
220,16,1
4580,31,1
5878,3,1
6490,5,1
4390,29,1
2139,9,1
4408,23,1
6369,12,1
6263,49,1
3092,15,0
3523,5,0
3489,12,0
2520,28,1
5486,22,0
6302,4,1
4113,52,0
1326,7,1
4621,15,1
2818,12,1
2290,28,0
5339,3,1
4067,15,1
1870,7,1
2532,13,1
2611,6,1
6316,8,1
996,4,1
53,10,1
6166,31,1
5820,3,1
5633,17,1
2541,14,0
5646,18,1
5957,2,1
5925,11,1
1260,17,1
761,12,1
3565,1,1
1040,34,1
1343,7,1
1730,19,1
4700,9,1
4222,9,0
2841,4,1
2919,60,1
2965,21,0
5621,4,1
4408,38,1
4490,6,0
4341,4,1
4359,17,1
173,5,1
4000,2,1
6152,10,0
2350,4,1
6253,9,0
1679,11,1
4817,11,1
234,33,1
2525,11,1
718,27,1
1743,24,0
5223,3,1
4408,42,0
4633,36,0
5590,9,1
3586,7,1
5590,21,1
6207,14,1
4996,1,1
5101,18,1
4529,3,1
765,7,1
3102,7,0
104,18,1
2127,11,1
4224,21,1
3894,15,0
4546,1,1
2508,7,1
4647,1,1
2859,3,1
1026,15,1
5692,4,1
4539,32,1
2770,10,1
378,12,1
3140,5,1
4309,23,1
155,7,1
2816,19,0
5123,7,1
4488,9,1
2447,19,1
2395,7,1
1973,7,0
70,5,1
6439,5,1
3814,9,1
5221,26,0
2215,24,0
1066,20,0
1712,26,1
2351,20,0
1331,3,1
2159,20,1
1689,20,1
207,13,1
6401,36,1
5180,7,0
4357,7,1
4157,35,1
5661,36,1
5764,58,1
3590,21,1
331,16,1
1587,11,1
91,13,1
2578,45,1
3931,18,1
2690,13,1
5830,5,0
2521,19,1
1321,4,1
4528,27,1
6191,11,1
2414,29,1
4694,5,1
1875,11,1
2030,32,1
1914,15,0
3177,6,1
4913,25,1
1083,17,1
314,4,0
1160,18,1
3200,5,1
3357,8,1
4472,18,1
3585,5,1
6268,22,1
823,15,1
4453,11,1
3384,16,1
5924,5,1
5810,24,1
3586,13,0
2822,21,1
4448,28,0
6392,5,1
1160,21,1
2506,30,1
3884,15,1
709,49,1
4121,37,0
350,1,1
3002,16,0
4112,11,1
4377,11,1
1514,3,1
3973,6,1
2824,16,1
2404,14,0
5822,8,1
2557,13,1
2070,36,1
6346,34,1
4364,13,0
12,3,1
5848,15,0
5838,13,1
4333,4,1
4472,19,1
4006,7,1
334,7,0
2544,3,1
5651,17,1
1464,9,1
6270,32,1
3996,50,1
5844,19,1
4708,14,1
5873,13,1
2069,8,1
6081,32,1
2398,3,1
5991,6,0
726,7,1
3498,51,0
2619,5,1
2554,18,1
315,10,1
2281,12,1
1854,16,1
1248,17,1
4543,19,1
3747,14,0
4447,7,0
5925,8,1
3861,13,0
2475,18,1
748,18,0
2446,30,1
2766,25,1
4543,40,1
5770,15,1
3022,17,1
2041,3,1
2202,4,0
1767,11,0
2800,12,1
776,12,0
2369,15,1
2070,22,1
727,34,1
2877,13,1
2433,22,1
2832,3,1
3250,13,1
306,2,1
4574,29,1
4769,16,1
6074,5,0
2630,28,1
851,5,1
6190,28,1
4406,31,0
4306,10,1
1011,13,0
4568,5,1
4689,25,1
72,9,1
5975,18,1
800,2,1
4418,9,1
6248,20,1
718,24,0
3983,13,1
4536,17,1
4838,10,1
4737,61,1
4561,24,0
3455,13,0
2121,22,1
5824,25,1
2512,17,0
4463,14,0
6134,18,1
971,12,1
4787,28,1
746,30,1
2290,38,1
84,22,1
2503,10,1
4427,10,1
727,21,1
3058,32,1
5676,4,1
5232,22,1
2478,12,0
367,4,0
2060,22,0
2559,6,0
2172,2,1
5033,47,1
4766,2,1
3221,38,1
6466,8,1
225,31,1
2517,8,1
1497,28,1
2951,10,1
4368,20,1
427,21,0
21,19,1
1056,11,0
4050,11,1
96,8,0
4669,10,1
4214,17,1
900,10,1
42,9,1
427,26,0
3060,2,1
913,3,1
770,20,1
4400,18,1
2481,1,1
5491,21,0
4137,62,0
4490,19,1
3870,25,1
817,6,1
2343,10,1
3070,31,0
1584,4,1
1672,5,1
5780,6,1
5996,30,1
4660,21,1
2530,24,1
3501,12,1
4903,5,1
4370,3,1
2770,18,1
2191,31,1
5555,5,1
3954,13,1
812,22,0
1357,6,0
5005,24,1
6050,10,1
5656,15,1
519,21,1
6093,1,0
4020,5,1
1079,5,0
5830,35,1
734,31,0
4140,17,0
387,19,1
6219,6,1
1624,24,1
2356,10,1
5493,2,1
1726,7,0
6376,24,1
6393,5,1
5971,12,1
6312,5,1
2993,37,1
5246,9,1
2508,5,1
1330,11,1
4368,3,1
2535,13,1
4002,12,1
6299,27,1
5318,8,0
844,14,1
2839,11,1
2191,9,1
151,22,1
5796,2,1
4771,18,1
851,25,1
3869,20,1
3071,17,0
6009,9,1
4971,23,1
4039,12,1
5733,12,0
2854,8,1
4546,6,1
905,6,1
6439,13,1
3336,18,1
3248,9,1
4470,32,0
5565,7,0
5730,39,0
4113,35,0
4934,19,1
2498,31,1
3022,16,1
5647,2,1
2718,5,1
1759,8,0
3991,9,1
5501,2,1
5660,1,1
90,10,1
6044,14,0
4809,5,1
5730,3,1
545,8,1
523,4,1
2984,24,1
5719,15,0
3963,14,1
4542,14,1
5141,13,0
5960,8,1
4309,33,1
4327,20,1
5836,15,1
4620,16,0
346,24,0
2414,24,1
5544,24,1
184,14,1
208,27,1
824,9,0
305,12,1
86,19,1
2583,6,0
2291,9,0
2218,12,1
3897,15,0
3555,17,1
835,27,1
2881,30,1
4661,3,1
4268,19,1
6441,21,0
3267,14,1
2498,5,1
2965,14,1
3804,4,1
6163,8,1
2357,11,0
1911,7,1
2446,18,1
2735,2,1
4788,11,1
4049,34,1
575,13,0
5511,21,1
6041,18,0
4308,22,0
4758,53,1
4664,30,1
5223,5,0
4771,39,1
5545,24,0
3967,8,1
3502,29,0
2753,33,1
6062,8,1
1858,1,0
5798,7,1
4863,9,1
119,10,1
2836,17,0
118,16,1
4430,19,1
4759,12,1
4758,56,1
731,28,0
3836,7,1
4217,7,1
3968,8,1
52,23,1
254,3,1
2353,23,1
2975,14,1
5810,19,1
1537,3,1
2517,6,0
454,45,0
2470,26,1
1230,1,1
2868,3,0
3136,13,1
4396,15,0
3183,20,1
4503,16,1
5496,22,1
4542,17,1
3839,22,1
2215,30,1
4956,15,1
4988,9,1
3601,8,1
3050,13,1
5741,5,1
3254,23,1
5757,15,1
291,15,0
993,2,0
4789,14,1
106,19,0
1497,27,1
2030,35,1
3150,17,1
844,16,1
1928,11,0
2484,19,1
3590,19,1
2120,22,1
2514,3,1
2481,9,1
2165,18,0
5363,21,1
1543,16,1
2578,31,1
5547,11,1
1641,13,1
4107,2,0
365,35,0
2784,14,1
3568,35,1
4442,6,1
4934,26,0
3694,7,1
5987,13,1
2591,30,1
4572,8,0
2197,30,1
330,14,1
5612,9,1
588,27,0
5268,5,1
4317,5,1
6179,3,1
5540,22,1
2589,31,1
5413,11,0
3159,21,1
2135,17,1
2955,12,1
4410,63,1
4176,1,0
981,41,0
4635,32,0
4448,4,1
4363,3,1
2132,13,1
5875,3,1
2195,14,1
1387,23,0
2029,7,1
4066,6,1
2371,15,1
5700,1,0
5837,37,1
6345,45,1
1773,11,1
5603,5,1
5076,16,1
60,9,1
1566,23,1
6401,10,0
753,9,1
380,26,1
3280,22,0
1874,42,1
957,11,1
3559,3,1
6113,19,1
2578,44,1
3014,16,1
3365,19,0
4543,30,1
3312,15,1
3593,5,1
6342,8,1
1040,9,1
4376,13,1
770,18,1
3232,11,1
3125,49,1
1570,6,1
6085,7,0
6427,5,1
3920,2,1
3313,11,1
5600,24,1
5915,27,1
357,19,1
5104,3,1
839,16,1
6485,7,1
4936,20,1
4985,5,0
3095,16,1
5256,13,0
2055,6,1
4319,1,0
4593,11,0
841,15,1
762,7,1
6161,16,0
4577,13,1
2644,23,1
2723,9,1
5295,6,1
359,5,1
4571,41,1
496,39,0
3014,20,1
6105,6,1
4658,4,1
2113,14,1
5597,3,1
5822,54,1
1065,40,0
5182,1,1
840,5,1
6298,11,1
5449,38,0
4397,4,1
5010,12,0
5560,15,1
2210,14,0
16,8,1
4732,19,1
3335,9,1
5232,32,1
5361,3,1
4987,20,1
2287,12,1
3897,5,1
2615,16,1
3593,6,1
727,12,1
11,3,1
1564,6,1
4646,28,1
2523,21,1
3320,16,1
4540,3,0
2097,4,1
2539,44,1
5758,39,1
5208,9,1
2522,4,1
6299,26,1
5679,23,1
3389,13,0
2114,16,0
4884,18,1
5351,16,1
21,17,1
6263,55,1
4437,38,1
3366,22,1
4865,4,1
4544,17,1
3265,8,1
4934,32,0
3598,19,1
1834,4,1
37,16,1
312,21,0
3051,13,1
763,2,1
2536,37,1
4152,13,1
579,11,0
4919,15,1
5532,16,1
3280,6,1
2196,2,1
1219,8,1
3954,31,0
6243,11,1
4999,3,1
2,17,1
5177,27,1
4796,18,1
5587,3,1
829,17,1
4006,2,1
735,19,1
4640,9,1
4135,35,1
6244,27,1
966,29,1
5029,5,1
3308,25,1
1774,2,0
5372,6,1
307,33,1
2672,25,1
383,7,0
1004,24,1
1537,13,1
4552,19,1
2513,18,1
1692,9,1
5849,4,1
5693,5,1
2848,17,1
2762,5,1
1160,29,1
2995,4,1
1753,1,0
4224,17,1
2290,29,1
1895,8,0
387,7,1
5220,1,0
5284,6,1
703,11,1
3492,26,1
2136,5,1
910,8,1
3553,6,0
6303,35,1
131,5,1
4349,14,1
5864,15,0
4627,4,1
5844,7,1
6252,16,1
1759,3,1
5975,36,1
5313,10,0
4964,18,0
5830,17,1
4649,3,1
4419,8,1
2186,5,1
748,9,1
5919,1,1
5300,43,0
11,27,0
4385,16,0
4690,17,1
6389,2,1
77,11,1
5766,48,1
330,26,0
3505,12,1
4096,25,0
1732,23,1
733,4,1
6303,33,1
5780,29,1
5932,12,0
1839,7,1
2994,29,1
955,31,1
5012,4,0
2494,30,1
5782,3,1
2770,5,1
5766,50,1
2030,42,1
1625,8,0
2987,43,1
4462,12,1
4523,9,1
4517,6,1
4398,11,1
3874,10,1
4150,13,1
5077,22,1
4369,25,1
3149,3,1
17,20,1
6205,10,1
5974,1,1
17,14,1
357,8,0
4020,46,1
3093,17,0
5064,10,1
6286,7,1
2018,11,1
82,18,1
2713,7,1
1965,8,0
5100,15,0
2968,25,1
524,19,0
2083,7,1
6053,8,0
594,11,1
905,3,0
4237,11,1
5915,10,0
4316,6,1
2187,11,1
1787,12,0
226,24,0
3253,12,1
4143,14,1
4610,10,1
2196,24,1
2873,27,1
4472,23,0
4871,26,1
5441,14,1
3551,9,1
2882,27,1
2069,9,1
4446,19,1
4138,8,1
6431,11,1
1917,20,1
4473,24,1
6041,5,1
2723,4,1
2524,5,1
2494,24,1
6047,1,0
5514,3,1
4616,4,1
5538,11,1
2314,5,0
4182,75,1
2873,24,0
4418,11,1
5886,16,1
3062,4,0
3031,5,1
4454,11,1
3496,24,1
3557,17,0
2237,28,1
20,3,1
1649,3,1
3094,17,1
749,11,1
3965,13,1
5580,11,1
3564,23,1
6444,12,1
508,8,1
4362,8,1
3910,15,1
2120,23,1
5958,6,0
2886,4,1
6084,13,1
2525,20,1
3030,12,1
1834,24,0
3564,47,1
2821,18,1
3531,9,1
3581,15,1
2641,13,1
3017,3,1
5873,20,1
2824,5,1
3439,16,0
2637,16,1
246,7,1
6321,12,1
5040,4,1
5917,3,0
215,5,0
5470,15,0
2766,39,1
5924,7,1
4570,18,1
3569,5,1
5682,4,0
2558,8,1
1850,12,1
3366,10,1
2600,15,0
6373,18,1
2652,20,1
5605,15,1
3896,2,1
1377,4,1
5926,4,1
4353,3,1
4491,4,1
2222,21,1
4559,13,1
47,10,0
5476,13,1
5189,14,0
639,7,0
5572,4,1
4153,20,1
2719,11,1
6011,55,1
2416,32,1
2970,1,0
2788,20,1
5371,10,1
849,8,1
1979,16,1
5818,43,1
4210,19,1
337,10,1
4365,4,1
1929,17,1
62,24,1
1497,24,0
3013,3,1
2716,47,1
2543,9,1
4869,7,1
4371,19,1
3033,20,1
4383,16,0
2413,6,1
831,3,1
4671,6,1
5998,32,0
15,13,1
2643,15,1
4445,14,1
5489,42,1
4586,18,0
5611,14,1
2914,57,0
2894,5,1
4006,17,1
5614,9,1
2430,7,1
2924,15,1
153,20,1
5166,10,0
4758,41,1
1515,9,1
201,9,1
2214,7,1
1385,22,1
5469,20,1
4352,4,0
525,4,0
6354,16,1
919,10,0
3252,19,1
4574,3,1
351,10,1
4539,4,1
3503,34,1
335,3,1
319,4,1
5365,2,1
627,7,1
1598,32,1
5841,20,1
4077,11,1
4051,26,1
12,8,1
2395,4,1
2569,22,1
2076,28,1
3955,11,1
4565,13,1
5159,14,1
6313,13,0
1552,8,1
2889,4,1
767,20,1
6305,3,1
4287,5,1
4163,22,1
3480,4,1
1651,21,1
3497,9,0
6315,12,1
5679,29,1
3104,18,0
4630,18,1
5691,2,1
3373,12,1
2858,19,1
1728,9,1
2592,14,1
99,25,0
6374,3,1
5919,19,0
5817,4,1
3352,6,1
725,15,1
5378,4,1
6412,21,1
1462,25,1
2470,19,0
1464,7,1
1396,4,0
4473,33,1
2451,7,1
6370,11,1
764,14,0
4378,17,1
4578,15,1
3055,16,1
4890,5,1
5545,37,1
5792,4,1
6145,14,1
5862,12,1
2535,18,0
5202,7,1
2030,36,1
2948,7,1
4462,14,0
509,2,1
5818,13,1
3582,42,1
2802,15,1
2116,7,1
3131,13,1
2828,16,0
3494,26,0
2977,5,1
2323,3,1
50,13,1
4450,9,1
2725,5,1
3934,4,0
312,15,1
5683,2,1
2235,18,1
959,24,1
4865,16,1
6315,19,1
755,7,0
3596,6,1
6374,10,1
3976,14,1
5688,36,1
2189,6,1
6424,41,1
731,25,0
4338,8,1
401,14,1
5984,20,1
1917,16,0
2535,11,1
329,12,0
2304,10,1
2432,18,1
485,2,0
1410,6,1
4721,12,1
222,1,1
2836,32,1
1029,28,1
1387,10,1
755,18,0
2690,23,0
2751,4,1
5725,13,0
1829,12,0
3031,23,0
720,17,1
6287,8,1
4488,11,1
324,11,1
2459,22,1
5061,8,1
210,7,0
392,45,1
365,8,0
6326,10,1
550,15,0
534,14,1
3817,5,1
1831,3,1
293,15,0
2998,8,0
5681,4,0
2232,7,0
2896,21,1
909,3,1
1767,2,1
2450,3,1
670,19,0
5295,5,1
4503,17,1
2617,8,1
4587,17,1
2972,15,0
5595,14,1
2821,29,1
4737,7,1
2880,8,1
2169,3,1
6010,39,0
4263,21,1
4926,6,1
6172,13,1
858,16,0
1022,16,0
2799,3,1
6434,7,0
1312,23,1
1780,17,1
761,6,1
2499,5,1
5180,1,0
2904,23,1
4493,23,1
5103,8,1
2512,36,1
4839,12,0
992,3,0
5621,14,1
2423,18,1
132,7,1
5843,16,1
4769,13,1
1773,16,1
1008,4,0
3599,9,0
2035,8,1
3090,24,1
2181,17,0
877,13,1
2870,15,1
3338,14,1
5730,22,0
4802,17,1
6395,7,1
5743,29,1
6157,17,1
4384,40,1
602,5,1
6358,8,1
760,36,1
4527,17,1
3513,29,1
31,11,0
3118,27,1
2457,7,1
2985,3,1
5513,11,1
1832,21,0
3077,19,1
36,11,1
4574,8,1
229,27,1
3285,5,1
2252,36,1
3132,14,1
6402,33,1
450,13,1
293,41,1
3972,12,1
3616,13,1
4737,53,1
712,14,0
745,4,0
6159,6,1
2151,4,1
1237,15,1
1709,2,1
1047,3,1
4482,20,1
6238,12,1
2698,8,1
2264,17,0
4349,42,0
2529,22,1
6276,3,1
4585,16,1
2608,6,1
5730,24,0
5601,2,1
2768,5,1
118,8,0
4647,2,0
4150,22,1
2374,13,1
3936,9,1
2801,7,0
4323,31,1
2039,22,1
1082,30,0
3206,12,1
