4549,7,0
2881,30,0
6281,9,0
824,11,0
5912,5,0
4137,35,0
6104,21,0
2395,13,0
5930,8,0
3996,34,0
4921,22,0
3954,13,0
6148,13,0
5527,5,0
1874,5,0
6346,32,0
3318,1,0
6,8,0
834,13,0
2916,7,0
6315,16,0
5154,10,0
3182,17,0
4227,15,0
6476,23,0
4822,14,0
2917,15,0
4391,30,0
4962,12,0
113,5,0
721,18,0
5388,13,0
1231,22,0
1404,1,0
3092,15,0
81,11,0
841,30,0
515,13,0
5438,6,0
138,26,0
3429,22,0
3151,19,0
4421,2,0
1236,42,0
2301,17,0
6405,19,0
5962,13,0
2058,4,0
132,7,0
3461,11,0
4256,15,0
2083,7,0
4520,13,0
5766,3,0
1087,2,0
4207,9,0
6169,7,0
890,9,0
72,8,0
148,1,0
2435,43,0
2553,22,0
6413,15,0
4493,23,0
4039,26,0
2782,2,0
6489,25,0
1909,22,0
3116,3,0
3954,20,0
742,7,0
2121,16,0
3689,14,0
2210,10,0
2740,30,0
6370,19,0
4908,4,0
5759,3,0
4920,12,0
1126,28,0
2887,32,0
2146,12,0
1310,32,0
2802,3,0
5020,9,0
2030,16,0
4289,7,0
768,3,0
131,17,0
791,7,0
2223,12,0
524,19,0
5551,2,0
6383,5,0
3434,10,0
3822,7,0
4063,42,0
9,16,0
4019,18,0
2074,7,0
4799,1,0
4897,4,0
4508,30,0
4530,11,0
3205,28,0
857,13,0
3285,5,0
6313,23,0
4593,50,0
1025,9,0
1881,24,0
146,16,0
3124,6,0
2220,7,0
1349,6,0
4930,30,0
2513,43,0
8,16,0
5234,4,0
1416,5,0
1202,19,0
2934,18,0
2047,6,0
3291,3,0
4234,7,0
6376,3,0
2667,11,0
4762,19,0
5578,19,0
3558,41,0
23,7,0
834,6,0
5307,2,0
2903,4,0
3516,21,0
3975,12,0
6258,5,0
4526,15,0
4332,13,0
3136,25,0
1970,7,0
409,14,0
4798,2,0
2069,20,0
5218,14,0
1066,17,0
5751,8,0
2215,32,0
4571,19,0
2495,4,0
6427,5,0
2865,12,0
5754,12,0
1409,10,0
2332,36,0
3098,10,0
3090,42,0
5004,14,0
797,7,0
5908,9,0
99,23,0
2840,15,0
5591,23,0
3685,6,0
4797,2,0
25,2,0
322,17,0
5515,17,0
4019,34,0
5503,9,0
187,19,0
737,4,0
5371,10,0
394,36,0
6274,35,0
953,6,0
5242,3,0
1480,7,0
835,27,0
4453,45,0
3536,10,0
5733,19,0
4499,32,0
1915,8,0
4715,24,0
4721,18,0
5861,9,0
3019,23,0
3749,1,0
1296,7,0
987,24,0
6471,16,0
429,9,0
2889,7,0
3346,7,0
6172,1,0
1658,10,0
6257,15,0
986,5,0
4071,8,0
3096,8,0
4150,14,0
2208,14,0
4576,3,0
5254,5,0
2993,9,0
5790,5,0
6324,24,0
3940,9,0
3891,4,0
4478,4,0
2150,11,0
3894,15,0
1324,11,0
6410,28,0
41,16,0
6271,19,0
3564,33,0
1810,6,0
3280,22,0
3670,25,0
4150,13,0
2008,4,0
1465,3,0
3522,12,0
5777,16,0
4513,26,0
276,5,0
1039,17,0
591,18,0
4020,26,0
3710,3,0
1019,1,0
2243,29,0
4451,26,0
69,11,0
4613,12,0
831,27,0
3791,6,0
5394,5,0
4442,19,0
1227,11,0
2070,26,0
1431,14,0
4954,38,0
3891,29,0
4760,4,0
5133,20,0
2199,25,0
4540,7,0
1343,7,0
2775,9,0
5067,15,0
5105,16,0
1702,10,0
5278,41,0
3893,12,0
327,11,0
2817,8,0
5687,14,0
3955,11,0
5891,3,0
591,29,0
1029,18,0
3956,13,0
1505,4,0
5794,6,0
2183,16,0
3241,17,0
2095,12,0
6425,1,0
5266,39,0
967,13,0
2724,15,0
1660,25,0
4056,11,0
4758,20,0
468,2,0
3081,12,0
3161,6,0
848,26,0
3058,24,0
5969,11,0
2240,12,0
4879,3,0
1497,32,0
2223,9,0
3302,25,0
1626,6,0
2770,29,0
6351,18,0
334,20,0
4909,8,0
2918,39,0
4923,13,0
5822,27,0
4428,8,0
6487,36,0
1960,15,0
3362,6,0
6328,9,0
3711,5,0
4345,11,0
5840,2,0
3023,15,0
4860,5,0
2040,12,0
5730,16,0
3338,14,0
3438,25,0
2630,16,0
2932,5,0
2897,25,0
4445,14,0
3314,8,0
6164,7,0
64,10,0
6439,9,0
1410,6,0
5726,13,0
5871,1,0
3150,17,0
5272,17,0
2017,7,0
5023,35,0
3033,39,0
131,28,0
4153,4,0
5208,13,0
347,6,0
450,13,0
2765,19,0
646,11,0
4758,36,0
4844,3,0
2994,29,0
2716,8,0
3080,30,0
4156,3,0
2389,10,0
1625,17,0
6149,5,0
4627,20,0
4556,18,0
2736,14,0
2353,23,0
2173,20,0
3761,18,0
2446,12,0
2197,16,0
3850,16,0
350,1,0
4057,9,0
4896,12,0
3625,7,0
6268,19,0
3118,27,0
4728,6,0
4865,13,0
3236,4,0
4992,46,0
4596,24,0
5508,12,0
4024,18,0
4755,14,0
3913,27,0
6122,1,0
5764,48,0
6130,9,0
3608,8,0
2539,42,0
6369,12,0
4312,40,0
373,23,0
1618,16,0
4884,13,0
4672,8,0
3606,2,0
787,4,0
2015,4,0
1556,19,0
2589,7,0
4219,6,0
1655,21,0
2670,21,0
2895,5,0
4663,11,0
5059,10,0
2068,15,0
3679,5,0
2939,8,0
2721,7,0
2838,12,0
3080,16,0
5020,40,0
3338,1,0
3584,2,0
2717,17,0
3449,11,0
2869,16,0
328,17,0
4209,16,0
3603,11,0
5786,21,0
484,8,0
1151,2,0
4512,4,0
6439,17,0
3182,10,0
3248,13,0
6353,21,0
5505,11,0
4016,3,0
2662,4,0
4128,27,0
4548,18,0
4127,15,0
3975,6,0
4832,2,0
884,6,0
4281,29,0
4946,13,0
2836,15,0
5975,26,0
6345,45,0
4210,2,0
487,5,0
4990,21,0
5418,17,0
6476,1,0
4468,45,0
5623,5,0
3805,6,0
954,5,0
5532,21,0
4049,29,0
768,11,0
158,3,0
1188,19,0
1476,13,0
3952,43,0
5237,10,0
4105,22,0
3780,6,0
3862,8,0
3593,6,0
946,4,0
5025,17,0
2751,3,0
4518,24,0
4750,5,0
5189,14,0
2369,15,0
1497,27,0
954,13,0
6036,20,0
4323,16,0
5208,3,0
3354,3,0
2030,34,0
4416,27,0
1650,14,0
6392,5,0
86,3,0
4403,7,0
2863,10,0
6287,14,0
4675,15,0
1969,9,0
1348,2,0
2207,9,0
3389,20,0
6088,10,0
4735,5,0
5375,4,0
2745,21,0
2650,6,0
5838,13,0
3268,9,0
5363,21,0
900,29,0
3546,10,0
37,5,0
157,1,0
5441,20,0
2382,14,0
1875,16,0
4767,14,0
2881,22,0
2722,6,0
2444,20,0
930,19,0
2611,19,0
897,10,0
2684,21,0
2476,26,0
4782,20,0
5402,3,0
2500,37,0
2703,24,0
3652,22,0
4108,16,0
3419,19,0
6163,8,0
3921,14,0
527,9,0
3977,27,0
4658,19,0
5888,2,0
1202,37,0
2016,1,0
5805,16,0
4809,12,0
1650,13,0
5103,5,0
6485,20,0
3536,14,0
3844,9,0
1889,19,0
5765,3,0
6353,48,0
1106,2,0
2664,5,0
1726,16,0
6276,14,0
3507,38,0
3228,15,0
2543,8,0
865,17,0
2402,16,0
6456,14,0
6310,14,0
3229,20,0
4562,8,0
3996,14,0
1590,17,0
3383,8,0
4370,11,0
2943,15,0
2958,39,0
3761,19,0
338,2,0
1250,13,0
5913,2,0
781,9,0
1573,19,0
909,12,0
1753,8,0
6324,15,0
6462,45,0
5739,5,0
2365,12,0
1677,7,0
2179,8,0
1463,10,0
4123,4,0
125,19,0
2643,7,0
4605,36,0
967,24,0
5888,23,0
1649,8,0
4961,3,0
2512,5,0
4519,23,0
786,4,0
828,20,0
5678,6,0
6417,10,0
4682,16,0
2897,33,0
4020,23,0
1005,11,0
4988,29,0
2505,29,0
6420,9,0
4507,6,0
103,15,0
2870,7,0
4310,6,0
4539,9,0
2540,9,0
2735,2,0
4675,19,0
155,7,0
2889,5,0
4950,20,0
3769,2,0
4721,12,0
1364,3,0
5600,24,0
5753,38,0
3063,10,0
3957,4,0
5848,27,0
1598,26,0
3023,25,0
1731,5,0
4940,9,0
2742,10,0
2216,6,0
3952,57,0
2676,4,0
3986,62,0
3106,5,0
849,12,0
6207,18,0
6134,7,0
841,31,0
4904,16,0
2803,10,0
3022,15,0
2802,7,0
744,35,0
5617,4,0
3395,40,0
4005,4,0
6148,11,0
5627,8,0
3221,23,0
5891,10,0
3057,5,0
4605,15,0
5248,8,0
4038,31,0
3814,9,0
3050,21,0
1958,9,0
5098,4,0
6136,7,0
5766,2,0
5547,7,0
1886,17,0
1909,6,0
2085,2,0
1366,16,0
1587,7,0
3094,17,0
4122,44,0
5809,5,0
5014,7,0
3471,9,0
4678,14,0
4780,21,0
450,14,0
2729,2,0
6313,7,0
4398,14,0
4559,42,0
293,41,0
5257,9,0
4041,13,0
5799,5,0
2745,20,0
4518,17,0
5077,31,0
5633,31,0
2889,11,0
5831,13,0
3129,15,0
5082,13,0
1346,13,0
2518,54,0
5854,14,0
5627,15,0
2548,43,0
758,11,0
5810,19,0
1512,23,0
3291,5,0
579,31,0
338,11,0
4846,18,0
5817,13,0
6008,3,0
6293,25,0
2878,10,0
2574,35,0
1432,14,0
5195,15,0
2462,11,0
2869,3,0
763,18,0
3367,17,0
4862,5,0
4633,11,0
6375,11,0
5734,2,0
2824,12,0
86,21,0
1279,9,0
1486,25,0
3047,1,0
2848,14,0
1241,25,0
482,2,0
5893,18,0
759,29,0
4854,11,0
2882,22,0
5441,14,0
2577,24,0
6425,11,0
4124,15,0
2871,11,0
1698,8,0
6134,29,0
5647,21,0
2808,15,0
2491,28,0
104,18,0
4154,3,0
5764,14,0
4217,7,0
4935,3,0
6172,2,0
6172,7,0
6465,3,0
5837,28,0
1378,8,0
6444,12,0
4436,5,0
1644,15,0
66,19,0
5360,13,0
2052,26,0
4758,21,0
2030,52,0
4298,10,0
6339,19,0
1612,6,0
1858,7,0
3735,12,0
1717,5,0
4004,3,0
1604,23,0
5077,7,0
1616,8,0
48,1,0
2916,3,0
1581,10,0
4512,5,0
1440,9,0
3770,13,0
4113,13,0
3207,14,0
3225,10,0
4684,11,0
4295,15,0
2153,10,0
2310,2,0
1729,25,0
2256,8,0
1950,8,0
5749,17,0
3335,2,0
4616,9,0
2658,7,0
2043,4,0
3078,22,0
1185,4,0
2993,4,0
2455,5,0
1410,4,0
3440,2,0
6104,15,0
3154,15,0
134,1,0
3355,17,0
5766,50,0
4077,11,0
6348,71,0
2512,42,0
6461,4,0
3490,15,0
346,6,0
966,35,0
2512,7,0
4787,8,0
6422,17,0
1622,6,0
4664,6,0
5919,14,0
1566,24,0
4737,61,0
3808,7,0
1917,18,0
6310,9,0
3897,15,0
2132,11,0
5534,5,0
1343,18,0
1448,13,0
790,11,0
5732,7,0
3246,19,0
2068,16,0
5107,2,0
6486,11,0
2060,18,0
422,11,0
6328,11,0
4700,11,0
4827,15,0
2089,1,0
5651,23,0
336,9,0
5797,6,0
5308,5,0
2476,16,0
4367,11,0
3106,32,0
3265,26,0
6480,14,0
4934,18,0
2859,8,0
4920,17,0
5366,8,0
5773,7,0
2595,17,0
966,3,0
5050,2,0
5998,32,0
3977,4,0
3828,20,0
4105,13,0
1565,5,0
4391,29,0
4871,4,0
77,18,0
4621,20,0
3066,13,0
2824,21,0
1177,7,0
5046,9,0
3410,18,0
5903,21,0
4526,5,0
724,21,0
2276,33,0
3716,1,0
4615,5,0
1313,28,0
114,18,0
4820,24,0
1567,9,0
6261,23,0
2351,39,0
1905,21,0
3118,5,0
859,10,0
2580,22,0
5925,12,0
3246,7,0
1883,3,0
2719,18,0
6402,21,0
4539,35,0
4586,26,0
4211,17,0
2611,6,0
2396,11,0
4039,30,0
2662,5,0
151,24,0
3591,16,0
3915,12,0
2680,7,0
2654,11,0
4133,15,0
5558,21,0
2281,16,0
2899,16,0
749,20,0
2241,7,0
5559,5,0
4412,8,0
1868,29,0
71,7,0
4967,8,0
3666,16,0
1598,22,0
6149,17,0
2751,4,0
153,11,0
5388,16,0
4096,30,0
1874,23,0
5564,8,0
2827,8,0
5340,10,0
3921,9,0
2637,29,0
4105,27,0
139,11,0
4447,27,0
4757,13,0
2055,16,0
1294,5,0
2476,35,0
1099,7,0
2652,25,0
3110,3,0
6190,4,0
3903,2,0
6487,15,0
2783,18,0
2204,10,0
5168,11,0
4096,19,0
5631,17,0
3984,31,0
2898,25,0
4199,28,0
4515,45,0
2299,21,0
3527,6,0
6190,25,0
4568,4,0
6405,21,0
158,4,0
5817,11,0
583,1,0
965,12,0
1571,3,0
6390,5,0
2759,5,0
5646,9,0
2594,44,0
1281,8,0
2857,4,0
1265,8,0
828,14,0
4793,9,0
5610,6,0
5309,13,0
2855,4,0
16,11,0
3492,14,0
3701,8,0
1036,3,0
4934,19,0
3330,13,0
2851,4,0
2578,13,0
3390,11,0
5769,21,0
6315,31,0
952,2,0
1953,1,0
3486,18,0
2277,6,0
1339,14,0
316,37,0
3564,23,0
2145,53,0
3079,19,0
1387,10,0
4950,6,0
5765,9,0
5611,10,0
6376,24,0
78,12,0
5265,4,0
727,13,0
3582,26,0
297,3,0
2772,7,0
4703,4,0
3757,7,0
3300,30,0
6258,2,0
1913,9,0
4937,19,0
6419,13,0
5799,11,0
1054,24,0
2869,7,0
2723,11,0
4442,8,0
1528,7,0
1285,1,0
1638,8,0
392,3,0
2589,31,0
3280,12,0
5868,14,0
21,25,0
5538,11,0
4754,10,0
6081,24,0
2746,8,0
2193,2,0
392,49,0
6210,17,0
5265,25,0
1942,10,0
5598,17,0
2627,3,0
2779,5,0
4704,4,0
1237,25,0
3922,23,0
1276,13,0
4065,21,0
4153,3,0
3568,4,0
3738,12,0
4809,4,0
2837,25,0
4338,8,0
6269,13,0
155,9,0
4790,22,0
3132,5,0
2453,20,0
6473,11,0
3600,3,0
2031,8,0
723,19,0
2197,13,0
841,21,0
2501,18,0
3313,2,0
3045,10,0
3463,17,0
1999,12,0
5822,26,0
6312,6,0
4349,48,0
3590,18,0
1649,10,0
6307,20,0
5202,4,0
5050,4,0
4182,71,0
4476,62,0
4571,7,0
2536,4,0
6006,4,0
2205,23,0
5540,13,0
6261,5,0
4494,11,0
4605,46,0
315,16,0
51,3,0
1108,6,0
3547,13,0
5719,12,0
4475,13,0
3505,17,0
1277,16,0
4684,14,0
3343,1,0
3554,11,0
5470,11,0
4588,59,0
5669,29,0
1826,24,0
4077,5,0
5797,5,0
2553,12,0
4546,25,0
823,27,0
4934,1,0
19,1,0
4736,29,0
627,6,0
5623,8,0
5818,43,0
4321,18,0
5741,5,0
5736,20,0
3022,17,0
2554,3,0
5936,14,0
2176,11,0
880,7,0
4283,8,0
2129,3,0
4956,9,0
1348,24,0
1438,26,0
4960,5,0
3174,14,0
5666,18,0
4185,5,0
1241,1,0
4330,15,0
3410,45,0
3251,20,0
5074,5,0
4765,19,0
519,7,0
2913,9,0
1951,6,0
2805,13,0
2121,22,0
3585,2,0
3615,11,0
4268,42,0
1149,12,0
4765,28,0
2799,5,0
1044,15,0
1869,31,0
4711,6,0
4086,24,0
4682,5,0
4293,11,0
905,6,0
767,33,0
6266,13,0
3254,19,0
5005,11,0
4798,1,0
3574,2,0
2398,3,0
2616,12,0
5633,20,0
3097,17,0
2591,31,0
5005,17,0
3564,3,0
3104,12,0
4439,26,0
5406,6,0
2400,9,0
2290,44,0
2916,23,0
5554,17,0
2056,22,0
2856,18,0
2935,10,0
1277,17,0
3384,24,0
4093,18,0
122,3,0
1023,11,0
6456,15,0
1868,28,0
3695,17,0
2393,23,0
3340,11,0
6301,3,0
3254,27,0
5562,33,0
3720,18,0
2639,5,0
3071,10,0
3720,10,0
6398,15,0
5538,6,0
3419,23,0
4468,13,0
3170,29,0
4821,11,0
918,9,0
5484,2,0
1677,18,0
3701,7,0
5558,13,0
5642,8,0
6483,13,0
2,30,0
6263,16,0
2768,8,0
4468,46,0
1396,2,0
4790,19,0
4758,54,0
2515,20,0
2617,47,0
2351,43,0
1745,18,0
5842,19,0
2043,32,0
4585,16,0
5843,16,0
5631,35,0
3109,5,0
4829,5,0
1963,9,0
120,7,0
1160,51,0
2560,12,0
1329,6,0
2346,27,0
1149,33,0
6210,8,0
369,3,0
4127,24,0
5301,21,0
4686,13,0
391,8,0
3391,13,0
85,15,0
2092,14,0
806,5,0
3977,11,0
9,6,0
5834,4,0
2136,5,0
4065,9,0
3877,6,0
2381,4,0
1005,3,0
2937,12,0
2878,5,0
996,8,0
792,12,0
5007,6,0
4031,8,0
2215,19,0
5157,22,0
2130,17,0
5703,18,0
1283,17,0
1065,38,0
4116,8,0
3544,11,0
2596,15,0
4751,12,0
4868,3,0
4476,65,0
4565,21,0
3804,11,0
3048,13,0
6346,23,0
1941,19,0
3384,7,0
1017,19,0
2698,12,0
4242,12,0
6397,19,0
3507,33,0
61,12,0
799,2,0
3275,5,0
2749,6,0
6336,2,0
1301,18,0
4337,22,0
2536,23,0
5837,33,0
6228,3,0
3996,32,0
2215,24,0
3080,32,0
823,36,0
4268,16,0
4548,26,0
5383,8,0
2480,10,0
2898,17,0
3043,26,0
986,1,0
3576,6,0
2128,3,0
4765,14,0
6263,18,0
558,24,0
2834,18,0
2797,6,0
4741,21,0
3992,11,0
4410,53,0
6472,2,0
4898,40,0
4737,34,0
881,21,0
4927,14,0
1430,12,0
3905,5,0
1452,10,0
1726,15,0
5240,8,0
4014,17,0
2213,5,0
2894,6,0
2451,5,0
2204,11,0
4508,23,0
3374,13,0
2536,11,0
1905,14,0
5900,6,0
2467,19,0
957,12,0
2824,20,0
12,8,0
126,20,0
3970,16,0
957,11,0
3544,14,0
346,25,0
4412,9,0
5092,28,0
2513,18,0
3977,28,0
4931,50,0
5067,6,0
1954,5,0
2580,25,0
3282,5,0
6034,1,0
4472,19,0
4538,4,0
6469,28,0
4386,4,0
6469,26,0
723,14,0
6272,12,0
1623,15,0
727,12,0
481,10,0
5376,1,0
663,24,0
4101,12,0
3647,7,0
4177,15,0
2676,26,0
4570,19,0
3342,25,0
4758,34,0
67,1,0
2685,8,0
380,24,0
4954,31,0
2279,7,0
22,15,0
5466,58,0
6403,5,0
85,16,0
5674,12,0
6212,8,0
6401,21,0
568,14,0
4653,12,0
927,4,0
5509,13,0
4960,16,0
4127,23,0
877,10,0
3996,49,0
378,12,0
6321,27,0
5005,15,0
5274,5,0
3588,12,0
131,21,0
2299,10,0
6384,4,0
6200,19,0
755,26,0
853,7,0
3305,11,0
2276,18,0
2076,14,0
6122,5,0
3777,8,0
2900,2,0
1802,6,0
4066,27,0
2107,4,0
4904,13,0
2043,22,0
2248,16,0
4087,8,0
2548,33,0
5922,5,0
1902,25,0
6462,14,0
835,10,0
3286,3,0
2746,10,0
1288,12,0
3439,2,0
4916,20,0
3334,17,0
4229,7,0
529,23,0
2585,12,0
3548,12,0
1745,19,0
4511,16,0
3896,2,0
4113,11,0
4921,13,0
2880,31,0
5780,23,0
6354,17,0
1004,12,0
1729,15,0
3435,12,0
6194,8,0
936,8,0
4511,18,0
2228,4,0
5505,8,0
3507,24,0
4893,11,0
2128,20,0
2389,13,0
2621,34,0
6206,20,0
1751,29,0
2395,4,0
5680,4,0
1261,5,0
1520,20,0
4573,15,0
3233,6,0
1595,6,0
4992,11,0
4857,11,0
1598,19,0
2770,27,0
5884,23,0
3064,26,0
4546,2,0
6263,24,0
854,18,0
4018,29,0
5844,32,0
3308,11,0
2183,21,0
5309,15,0
5706,6,0
4546,17,0
137,2,0
2980,9,0
2252,29,0
4536,26,0
4166,3,0
2688,16,0
4790,13,0
4280,23,0
2253,12,0
4421,8,0
1160,16,0
3160,5,0
841,17,0
2072,4,0
4661,6,0
4807,14,0
5621,4,0
6374,13,0
3689,25,0
1448,5,0
3058,25,0
1288,17,0
4897,19,0
5703,16,0
61,14,0
292,17,0
2126,13,0
3886,24,0
3329,3,0
4575,3,0
6294,5,0
1945,14,0
5241,2,0
139,12,0
5854,18,0
1018,16,0
689,8,0
4793,12,0
2672,10,0
4819,8,0
514,15,0
6397,5,0
6477,22,0
2466,26,0
534,2,0
6490,13,0
1579,2,0
5017,5,0
4114,7,0
1270,21,0
4741,22,0
2639,1,0
1531,3,0
5535,21,0
3670,15,0
5511,32,0
3389,25,0
4053,6,0
4002,40,0
3217,10,0
2232,24,0
1909,8,0
3836,16,0
4691,5,0
2485,1,0
2919,65,0
4747,12,0
4462,19,0
3104,13,0
5541,6,0
2295,12,0
4854,18,0
5757,5,0
2906,11,0
2400,8,0
2927,7,0
5243,6,0
752,33,0
5672,1,0
2788,4,0
5732,8,0
4093,24,0
4338,3,0
4766,29,0
2476,18,0
6447,12,0
2130,14,0
1883,9,0
2762,23,0
3471,12,0
3063,13,0
133,10,0
4648,24,0
4808,8,0
5887,13,0
739,9,0
2467,8,0
5603,14,0
1703,54,0
4544,8,0
3841,3,0
2103,10,0
2166,27,0
3690,7,0
6348,13,0
3511,10,0
2022,1,0
4458,3,0
5861,8,0
3840,7,0
3095,16,0
2742,5,0
6149,23,0
3501,21,0
2237,12,0
2235,10,0
121,7,0
5918,13,0
1691,3,0
4839,1,0
3557,5,0
3740,4,0
6387,4,0
5141,26,0
6254,5,0
4575,13,0
6340,14,0
2559,1,0
6461,8,0
6487,32,0
4289,3,0
6474,14,0
709,10,0
1344,6,0
6325,10,0
5441,19,0
2649,5,0
3001,4,0
328,50,0
2112,12,0
2480,12,0
4410,36,0
2870,13,0
120,13,0
2855,3,0
4637,12,0
1049,6,0
3154,14,0
3813,6,0
4487,5,0
4593,49,0
2312,22,0
4752,4,0
2278,12,0
390,16,0
488,11,0
2746,36,0
2470,8,0
1991,1,0
5195,12,0
4684,8,0
2784,9,0
2395,6,0
2592,14,0
5587,9,0
1065,44,0
4680,13,0
1710,2,0
5673,24,0
4267,21,0
3034,36,0
1613,11,0
3103,8,0
6415,3,0
1438,24,0
3527,1,0
3954,5,0
2173,9,0
93,10,0
5834,8,0
6320,13,0
1224,14,0
1973,3,0
5292,26,0
5004,2,0
2753,33,0
2691,8,0
1805,14,0
2473,27,0
6365,2,0
155,6,0
4303,7,0
5449,5,0
6409,12,0
2446,18,0
2022,5,0
1793,7,0
3913,6,0
1740,9,0
5444,6,0
5641,5,0
825,12,0
4645,4,0
1637,2,0
919,16,0
2871,18,0
2676,14,0
5864,19,0
4027,19,0
4931,38,0
4463,14,0
5511,33,0
4014,14,0
257,21,0
4515,5,0
2962,6,0
2849,9,0
973,19,0
1773,14,0
161,1,0
147,17,0
4365,11,0
3030,13,0
2200,9,0
4122,13,0
1368,4,0
5782,8,0
1616,12,0
2175,8,0
6402,36,0
1332,22,0
2529,27,0
3338,19,0
4249,10,0
2906,6,0
3833,23,0
829,17,0
3182,22,0
4023,8,0
2919,25,0
5183,19,0
2444,4,0
1663,2,0
5747,7,0
770,4,0
3343,9,0
5619,7,0
1312,19,0
3545,8,0
688,2,0
4477,3,0
4077,13,0
824,4,0
6340,7,0
4767,9,0
1040,28,0
5651,15,0
844,30,0
5829,1,0
523,29,0
4884,12,0
1250,2,0
2858,17,0
4592,18,0
981,41,0
1624,12,0
4660,19,0
1659,12,0
3985,21,0
4759,12,0
3010,4,0
1339,16,0
6260,8,0
5751,18,0
4081,15,0
5588,10,0
211,8,0
2095,20,0
5742,5,0
5835,14,0
2848,17,0
231,7,0
3402,4,0
5626,9,0
3402,3,0
2705,9,0
2248,17,0
3913,14,0
3649,5,0
2588,27,0
3161,9,0
591,13,0
4494,22,0
3070,13,0
293,15,0
2235,5,0
3182,26,0
5086,25,0
78,9,0
584,12,0
3089,43,0
1477,21,0
4942,9,0
2836,23,0
97,7,0
2110,11,0
3557,33,0
4427,12,0
2760,10,0
4908,3,0
2121,29,0
4474,6,0
5549,6,0
1154,5,0
3199,8,0
3492,35,0
2939,4,0
2813,10,0
1945,6,0
1029,22,0
3955,8,0
2524,14,0
4525,2,0
5246,9,0
1468,9,0
2706,14,0
3610,9,0
5726,24,0
1272,7,0
2236,12,0
133,11,0
4758,12,0
3905,3,0
2171,12,0
1307,25,0
2835,3,0
4617,8,0
1892,6,0
4182,75,0
3369,24,0
3339,12,0
6439,13,0
22,1,0
1176,3,0
6463,10,0
1655,16,0
2893,38,0
2958,47,0
1490,9,0
4780,16,0
3415,24,0
5002,11,0
329,16,0
2229,22,0
5261,32,0
4765,16,0
292,13,0
5027,11,0
5844,19,0
1536,19,0
6415,10,0
201,17,0
6413,4,0
6344,34,0
5730,18,0
4313,37,0
1780,13,0
1622,30,0
1054,29,0
3395,23,0
4553,1,0
1808,3,0
5386,8,0
1917,20,0
2187,11,0
3332,24,0
2531,22,0
2054,9,0
4454,3,0
153,13,0
4997,11,0
4765,40,0
5492,5,0
4558,17,0
2232,27,0
792,24,0
3025,5,0
2538,8,0
2829,16,0
964,8,0
2415,4,0
3891,24,0
920,9,0
3805,14,0
2314,26,0
4637,16,0
5355,16,0
5012,36,0
3299,12,0
2893,48,0
2788,19,0
4472,34,0
6273,3,0
6215,6,0
1266,11,0
4531,25,0
4926,6,0
4664,5,0
4115,8,0
4802,27,0
327,12,0
511,2,0
3513,1,0
5507,22,0
3139,9,0
9,10,0
764,1,0
1596,19,0
1330,16,0
95,18,0
1497,36,0
1235,11,0
758,16,0
5834,24,0
2077,13,0
5989,3,0
5113,16,0
4728,16,0
5737,30,0
5355,21,0
4182,44,0
2766,23,0
3064,19,0
4157,16,0
1728,10,0
257,11,0
3151,14,0
759,11,0
2980,21,0
5836,40,0
4761,16,0
2494,24,0
114,16,0
3994,20,0
4374,15,0
2759,15,0
2719,14,0
121,4,0
934,22,0
5222,9,0
1601,13,0
1463,3,0
5409,3,0
2473,29,0
2159,18,0
5530,15,0
3202,7,0
5645,6,0
5763,30,0
4931,1,0
3375,6,0
6454,9,0
2462,14,0
1324,9,0
4107,30,0
2724,13,0
844,39,0
1269,13,0
5538,14,0
1761,12,0
4533,4,0
2929,17,0
2128,22,0
3529,10,0
2265,12,0
5549,4,0
4767,13,0
4653,1,0
4427,14,0
5901,6,0
4851,3,0
4494,27,0
2921,12,0
1042,11,0
2181,32,0
698,20,0
3839,14,0
4358,20,0
277,18,0
6131,26,0
5840,25,0
2869,2,0
3626,11,0
4757,37,0
3553,27,0
180,12,0
6403,11,0
5728,14,0
1100,7,0
1566,32,0
2592,7,0
3355,22,0
4067,15,0
2885,26,0
2770,11,0
1913,14,0
3750,4,0
5540,22,0
6214,4,0
5809,14,0
1952,8,0
2898,31,0
85,21,0
4381,25,0
5004,16,0
2927,17,0
187,23,0
5766,33,0
4770,5,0
3852,10,0
2495,3,0
4020,31,0
2250,20,0
2864,6,0
2083,9,0
4508,28,0
4573,9,0
4821,12,0
2591,34,0
4170,10,0
5737,27,0
6240,18,0
857,21,0
450,27,0
4308,26,0
2962,18,0
5647,22,0
5535,20,0
5701,8,0
959,1,0
758,7,0
2311,30,0
3139,24,0
6041,15,0
3597,15,0
518,11,0
2512,26,0
748,15,0
496,4,0
3410,47,0
1302,5,0
4539,15,0
2415,26,0
4524,19,0
2694,6,0
2444,26,0
3020,5,0
2045,17,0
5766,31,0
5440,4,0
2964,48,0
3180,4,0
5481,11,0
4596,29,0
5858,5,0
6297,7,0
4664,39,0
4163,22,0
163,10,0
4321,22,0
3274,14,0
1241,7,0
1174,2,0
4546,1,0
102,13,0
3136,14,0
2876,10,0
1826,5,0
6327,21,0
2747,25,0
5641,14,0
1475,18,0
2543,6,0
3894,16,0
1700,8,0
2205,22,0
2506,30,0
3023,33,0
4294,11,0
2072,5,0
2030,32,0
1512,26,0
2210,42,0
1907,17,0
582,12,0
4965,7,0
5261,10,0
4883,15,0
2113,13,0
1669,14,0
3174,11,0
3996,24,0
1471,20,0
1321,10,0
197,5,0
2628,16,0
771,11,0
2300,11,0
4540,30,0
2595,14,0
1276,14,0
5101,18,0
3240,17,0
1280,7,0
954,19,0
827,14,0
4543,32,0
5661,34,0
3245,17,0
1447,10,0
2798,10,0
4605,22,0
6290,2,0
2512,8,0
2696,14,0
4142,25,0
995,7,0
13,6,0
2696,16,0
3495,9,0
6269,17,0
4323,22,0
3459,4,0
2294,9,0
3342,6,0
879,1,0
6292,25,0
3538,2,0
4145,5,0
3237,19,0
1907,6,0
6351,19,0
4580,24,0
5843,7,0
4929,36,0
3384,10,0
3052,8,0
4943,2,0
4846,21,0
4900,5,0
787,12,0
1959,18,0
1708,11,0
5076,9,0
4734,15,0
4850,7,0
2983,2,0
5903,3,0
5289,11,0
35,14,0
4476,60,0
3441,14,0
178,27,0
1868,6,0
973,17,0
203,15,0
4049,5,0
6261,12,0
3077,7,0
5052,5,0
2804,11,0
4950,23,0
4060,10,0
4787,28,0
1215,27,0
1874,44,0
6273,9,0
3996,46,0
828,10,0
3174,16,0
3463,23,0
4697,15,0
2716,21,0
4740,2,0
3389,22,0
1305,4,0
2210,9,0
6374,29,0
3918,10,0
1703,32,0
2885,22,0
5766,15,0
400,12,0
2191,6,0
5209,12,0
4319,30,0
4661,8,0
5063,13,0
1277,7,0
1425,15,0
2591,22,0
4846,20,0
4107,43,0
6334,2,0
4526,24,0
963,1,0
6203,3,0
2508,5,0
1868,39,0
897,6,0
1562,4,0
6398,13,0
3016,2,0
2276,14,0
762,7,0
1767,26,0
637,5,0
4039,57,0
4804,19,0
4370,13,0
2219,9,0
126,13,0
1801,27,0
4580,31,0
6281,16,0
2541,24,0
4487,9,0
3311,3,0
2808,6,0
812,22,0
591,14,0
1868,9,0
2870,8,0
293,32,0
2264,4,0
325,6,0
1538,15,0
1595,14,0
2106,13,0
154,8,0
4316,54,0
2218,12,0
2765,12,0
4138,3,0
991,18,0
5466,46,0
4237,9,0
1772,23,0
1401,14,0
4921,23,0
3837,11,0
2748,9,0
5800,4,0
4552,31,0
2053,4,0
3653,2,0
1715,10,0
5555,17,0
1433,2,0
3129,8,0
4291,4,0
3506,7,0
783,6,0
6449,15,0
1694,9,0
5618,10,0
3424,16,0
859,21,0
2617,46,0
3930,13,0
1047,8,0
2038,3,0
3664,5,0
5077,11,0
4319,17,0
3180,12,0
2161,2,0
575,17,0
754,17,0
2202,19,0
4384,9,0
2593,22,0
1600,10,0
4098,36,0
4315,9,0
2210,21,0
2681,18,0
3367,18,0
2214,7,0
5356,37,0
6151,4,0
6298,6,0
881,25,0
2763,15,0
41,15,0
5580,5,0
475,3,0
377,21,0
931,9,0
1508,20,0
3105,22,0
1266,17,0
2455,4,0
1664,35,0
1339,15,0
530,10,0
416,2,0
2105,12,0
3135,23,0
5068,18,0
5559,10,0
5703,35,0
3660,13,0
5760,21,0
1155,5,0
1511,7,0
2396,17,0
3386,20,0
2346,28,0
4571,20,0
108,7,0
3241,5,0
2517,27,0
4474,5,0
1274,14,0
4680,14,0
4369,25,0
1786,3,0
4101,11,0
2881,13,0
4658,17,0
6420,8,0
519,14,0
1456,4,0
6433,25,0
958,21,0
1788,16,0
4838,4,0
4821,25,0
2836,41,0
4127,13,0
1471,21,0
1114,2,0
5041,16,0
4787,24,0
1543,16,0
1219,32,0
2199,20,0
6208,9,0
5194,15,0
1538,13,0
3080,6,0
5391,3,0
4384,18,0
581,2,0
5147,13,0
5633,12,0
2902,3,0
2896,31,0
1009,10,0
118,14,0
558,15,0
3064,23,0
3897,6,0
1512,27,0
5805,3,0
2642,20,0
4050,11,0
3211,19,0
4847,4,0
955,29,0
5857,9,0
4339,1,0
137,5,0
295,7,0
1137,5,0
5782,1,0
5540,8,0
1702,4,0
126,3,0
1202,25,0
4392,11,0
2117,9,0
5743,17,0
3277,16,0
2252,35,0
2130,19,0
3891,30,0
118,3,0
3387,33,0
4588,43,0
6446,9,0
5114,9,0
5113,27,0
5706,11,0
4534,44,0
4048,10,0
91,10,0
101,2,0
1271,10,0
2295,8,0
3804,4,0
1579,15,0
176,23,0
1248,17,0
6418,23,0
1767,5,0
4782,7,0
3221,17,0
1765,14,0
3001,6,0
5580,7,0
5893,19,0
2835,11,0
3497,9,0
3679,4,0
3002,15,0
86,24,0
6261,6,0
2903,2,0
1310,38,0
6008,13,0
3475,12,0
5010,2,0
4733,22,0
6027,4,0
1617,19,0
2514,10,0
845,6,0
1214,12,0
3674,7,0
2941,23,0
1417,13,0
427,14,0
2220,16,0
316,44,0
2691,2,0
2095,10,0
6466,15,0
4535,8,0
118,7,0
3929,17,0
4136,21,0
3599,14,0
997,1,0
6251,44,0
4696,5,0
5871,6,0
4463,15,0
1884,14,0
3545,15,0
4621,18,0
5277,12,0
5774,8,0
4715,12,0
4491,27,0
5752,9,0
4586,24,0
5286,15,0
5558,18,0
3125,41,0
4747,17,0
5625,6,0
5828,4,0
6477,16,0
1813,2,0
3628,5,0
5742,13,0
5068,30,0
422,13,0
4940,14,0
5252,1,0
4449,23,0
4838,13,0
4652,7,0
4206,9,0
5106,3,0
2514,12,0
3187,3,0
3462,12,0
3460,11,0
5577,11,0
3917,22,0
2145,31,0
803,7,0
4966,33,0
5554,31,0
5608,17,0
5027,14,0
2640,8,0
2942,19,0
84,22,0
5221,23,0
2600,15,0
5651,13,0
839,19,0
3135,15,0
4759,19,0
883,20,0
2211,15,0
5569,13,0
5800,9,0
3001,12,0
5984,12,0
6088,5,0
6373,18,0
3652,11,0
2783,11,0
5475,10,0
4475,14,0
4073,20,0
5633,29,0
152,12,0
5701,10,0
2621,33,0
2643,20,0
2597,17,0
5797,2,0
3039,6,0
5056,6,0
6011,8,0
4313,40,0
1949,6,0
2711,10,0
4927,6,0
2851,10,0
3233,13,0
2622,3,0
2552,22,0
3237,25,0
3968,5,0
5150,3,0
2290,13,0
6338,1,0
3289,5,0
3967,2,0
1921,9,0
5821,21,0
1240,10,0
5497,8,0
1263,9,0
266,4,0
2672,39,0
5177,3,0
4708,28,0
1432,15,0
4090,2,0
2566,22,0
4477,17,0
5540,11,0
4814,10,0
2513,28,0
2894,9,0
2429,4,0
1599,12,0
2223,11,0
743,6,0
1059,11,0
192,10,0
2526,8,0
4423,32,0
5708,9,0
84,18,0
950,2,0
1115,3,0
3045,14,0
146,8,0
3940,6,0
726,7,0
522,9,0
2096,4,0
1581,6,0
1860,5,0
2210,25,0
2253,13,0
4946,8,0
2194,13,0
4099,5,0
4835,16,0
2205,13,0
4479,10,0
276,34,0
5465,12,0
2253,8,0
2494,15,0
2598,4,0
2222,20,0
4076,9,0
1068,15,0
5459,4,0
4175,5,0
3885,15,0
2926,11,0
4899,5,0
2382,33,0
68,11,0
1331,3,0
5546,9,0
4110,37,0
3537,19,0
6466,7,0
2893,14,0
2672,35,0
5759,22,0
2987,43,0
3555,28,0
4475,16,0
3080,35,0
2943,26,0
2686,16,0
4927,21,0
4154,8,0
4536,4,0
2030,27,0
5249,15,0
4531,10,0
64,11,0
17,1,0
5328,15,0
4268,19,0
4971,8,0
2770,28,0
3920,5,0
2703,9,0
5998,38,0
3928,19,0
2389,9,0
2234,11,0
1610,20,0
4505,1,0
2371,4,0
2663,14,0
1649,13,0
293,20,0
2396,7,0
5698,9,0
781,7,0
6234,8,0
1063,12,0
2560,13,0
5607,1,0
5496,3,0
1937,2,0
4646,28,0
2030,54,0
4280,14,0
4229,6,0
2992,19,0
5737,28,0
2836,34,0
3317,6,0
6312,11,0
4539,24,0
3887,9,0
536,2,0
920,17,0
3739,20,0
2850,6,0
4710,18,0
1613,10,0
292,19,0
1609,13,0
3302,22,0
1097,18,0
3060,2,0
3413,6,0
5005,4,0
34,9,0
2430,4,0
4135,17,0
3119,13,0
1687,7,0
5773,19,0
3667,10,0
2681,16,0
3129,16,0
4819,15,0
1305,10,0
11,34,0
80,18,0
3761,10,0
844,24,0
1547,9,0
3996,50,0
979,38,0
2429,25,0
4974,7,0
3653,10,0
4899,6,0
341,18,0
48,3,0
6293,6,0
3969,14,0
1683,11,0
2401,11,0
5736,26,0
4815,11,0
1368,18,0
5915,6,0
1349,2,0
5289,5,0
2630,26,0
2109,13,0
6428,2,0
2904,6,0
2504,5,0
530,12,0
4969,28,0
5739,10,0
2667,5,0
6472,5,0
5634,12,0
84,23,0
5587,23,0
3493,31,0
4790,17,0
2817,12,0
5576,3,0
5803,30,0
2994,42,0
1333,1,0
1029,20,0
5247,14,0
2981,2,0
4886,2,0
6437,14,0
1326,3,0
2873,27,0
2130,21,0
4048,18,0
6398,7,0
2382,22,0
3959,14,0
2145,38,0
202,3,0
755,4,0
2639,11,0
3078,19,0
1710,6,0
5339,12,0
3455,12,0
1968,2,0
1042,13,0
3384,8,0
229,43,0
4759,14,0
4040,10,0
306,15,0
4336,3,0
4313,38,0
2471,16,0
4010,4,0
2176,12,0
6383,12,0
2542,27,0
394,40,0
5633,17,0
3904,13,0
191,9,0
4592,9,0
1031,6,0
2708,4,0
3395,30,0
509,8,0
2780,10,0
5279,19,0
5185,11,0
3825,2,0
3836,13,0
2092,10,0
5513,11,0
4151,3,0
1669,5,0
5875,3,0
2929,21,0
4574,3,0
2644,5,0
4656,26,0
1692,8,0
5652,10,0
703,3,0
4499,14,0
1364,1,0
345,14,0
5855,17,0
5273,10,0
3071,17,0
1319,2,0
4997,7,0
6293,14,0
1772,13,0
2566,11,0
5301,15,0
4529,3,0
6369,4,0
1932,10,0
2520,18,0
3089,38,0
478,25,0
3058,34,0
3415,16,0
4757,33,0
2105,26,0
3741,12,0
1648,17,0
1461,22,0
5751,9,0
5038,9,0
126,4,0
959,13,0
1655,5,0
3848,17,0
3748,8,0
5047,20,0
368,25,0
3319,15,0
4472,35,0
1160,18,0
3474,1,0
3322,9,0
1563,15,0
3437,6,0
2581,23,0
2837,29,0
2235,26,0
5103,16,0
1826,20,0
5533,5,0
1379,12,0
3626,18,0
4381,29,0
3522,10,0
344,15,0
5011,23,0
2346,16,0
4538,15,0
1637,10,0
3384,16,0
4751,8,0
345,3,0
536,13,0
6252,33,0
219,17,0
2889,17,0
1397,11,0
2615,14,0
4664,16,0
4605,3,0
1508,22,0
2510,10,0
623,9,0
2049,6,0
701,23,0
4639,1,0
4512,8,0
2955,11,0
1400,10,0
4621,15,0
923,4,0
1917,9,0
3316,8,0
6270,48,0
2476,15,0
2942,9,0
1331,11,0
5012,35,0
1367,4,0
4822,20,0
2156,6,0
6097,7,0
1779,25,0
2276,3,0
2020,6,0
3487,17,0
3982,1,0
5355,10,0
2414,24,0
6104,11,0
6290,5,0
4322,19,0
1037,7,0
6454,4,0
5263,14,0
6151,10,0
1880,4,0
2911,3,0
4761,9,0
3810,12,0
5903,14,0
2127,20,0
2000,4,0
232,2,0
3439,7,0
5084,2,0
2195,17,0
3770,14,0
4106,12,0
3659,15,0
1827,18,0
5107,11,0
4884,26,0
5372,1,0
4035,13,0
2766,40,0
4384,37,0
5054,11,0
723,9,0
3635,6,0
5868,27,0
2382,18,0
3058,32,0
3568,15,0
3983,9,0
3718,17,0
4826,30,0
1307,27,0
1179,8,0
2,17,0
2891,21,0
1202,48,0
2548,38,0
2199,3,0
5640,14,0
4737,18,0
2530,24,0
5672,9,0
396,39,0
4332,22,0
369,6,0
857,10,0
461,7,0
1803,12,0
923,15,0
5235,10,0
4107,48,0
5080,3,0
5082,9,0
3530,2,0
1829,9,0
36,9,0
780,34,0
3316,5,0
1486,28,0
3055,16,0
4567,12,0
106,13,0
234,27,0
4323,8,0
796,9,0
1292,20,0
5832,18,0
726,9,0
4133,22,0
6348,36,0
1103,4,0
93,8,0
1394,2,0
1969,5,0
5491,21,0
5290,11,0
1880,18,0
2933,17,0
3627,18,0
5759,20,0
4017,3,0
3037,14,0
823,24,0
4715,23,0
2145,51,0
5223,3,0
3183,11,0
1689,20,0
3313,4,0
959,28,0
4110,25,0
5013,11,0
1449,7,0
5903,11,0
124,4,0
1751,32,0
2276,30,0
2291,34,0
3815,12,0
4125,17,0
3055,17,0
3280,4,0
3873,9,0
2813,26,0
4028,16,0
4086,14,0
527,25,0
5712,9,0
3877,11,0
5925,6,0
1955,10,0
2565,11,0
5013,17,0
4989,4,0
2415,2,0
1331,13,0
4434,9,0
133,18,0
1587,11,0
4817,11,0
2060,27,0
1545,2,0
4741,12,0
2198,5,0
2070,31,0
1310,10,0
5147,11,0
1262,15,0
2593,20,0
2383,10,0
3280,18,0
4656,24,0
4559,28,0
1497,24,0
5593,13,0
2939,12,0
760,10,0
2551,15,0
96,10,0
488,23,0
1484,12,0
6249,14,0
6351,11,0
2900,7,0
1600,7,0
2939,29,0
17,11,0
2543,7,0
4686,1,0
4592,21,0
2942,12,0
4208,38,0
4907,3,0
920,23,0
5251,23,0
1100,8,0
2615,6,0
2713,12,0
6263,55,0
4063,11,0
2887,3,0
1084,7,0
3105,36,0
5757,38,0
3373,28,0
5764,12,0
363,22,0
4477,16,0
6266,7,0
2462,6,0
1379,10,0
2596,10,0
1380,11,0
812,10,0
5771,6,0
1839,1,0
5979,11,0
2588,19,0
3070,3,0
2020,9,0
5137,19,0
1941,21,0
2865,11,0
2873,34,0
1617,4,0
1178,13,0
4995,6,0
4020,45,0
2382,16,0
2636,2,0
4041,4,0
4038,20,0
6138,3,0
1887,18,0
6468,27,0
3715,12,0
4122,48,0
3760,4,0
1054,9,0
3443,11,0
4607,9,0
4950,12,0
1549,5,0
2415,6,0
2426,11,0
4681,10,0
3564,44,0
778,3,0
1065,9,0
1589,24,0
5532,17,0
948,4,0
4077,49,0
757,11,0
2833,21,0
3730,7,0
2208,16,0
1846,16,0
1044,13,0
5070,5,0
787,23,0
1079,19,0
3366,25,0
4879,21,0
91,13,0
4563,3,0
4716,9,0
2290,17,0
4343,6,0
4678,7,0
6429,7,0
672,4,0
1339,12,0
3896,10,0
3300,34,0
4894,11,0
2781,28,0
1580,21,0
5077,20,0
4158,10,0
790,4,0
1294,11,0
2670,13,0
2351,23,0
5213,7,0
5051,12,0
4133,3,0
4581,16,0
3266,22,0
5279,9,0
2772,13,0
2331,13,0
3972,32,0
4109,6,0
5790,1,0
4534,11,0
3173,6,0
5687,12,0
4072,10,0
5766,36,0
4580,18,0
4527,16,0
6373,27,0
6027,2,0
1942,21,0
3032,18,0
4298,12,0
401,16,0
3535,2,0
2540,7,0
4430,31,0
4012,7,0
2166,23,0
4710,35,0
3308,13,0
826,7,0
475,7,0
2784,29,0
1460,11,0
1933,21,0
5532,36,0
3770,11,0
3089,32,0
1679,13,0
316,34,0
5239,10,0
1349,16,0
5388,3,0
2276,16,0
363,9,0
4363,17,0
2849,15,0
1387,18,0
2451,8,0
5183,17,0
4076,6,0
1710,10,0
1385,20,0
2837,11,0
1527,10,0
4014,21,0
757,28,0
3233,17,0
2852,5,0
3989,17,0
6436,12,0
136,4,0
1934,8,0
6181,13,0
3099,17,0
359,7,0
713,37,0
994,8,0
5603,12,0
5617,11,0
4964,4,0
317,5,0
5032,18,0
4554,14,0
3088,11,0
2089,6,0
4128,12,0
4028,6,0
5590,19,0
3878,24,0
4527,9,0
5033,47,0
1848,13,0
3385,14,0
3924,12,0
2751,1,0
3894,22,0
4711,13,0
123,6,0
4653,8,0
2130,4,0
3749,7,0
824,7,0
5737,17,0
6270,14,0
5545,31,0
2725,7,0
6441,17,0
5900,8,0
6490,5,0
1919,7,0
763,2,0
5820,16,0
72,9,0
6487,22,0
5915,10,0
6190,29,0
4429,4,0
429,20,0
1957,15,0
3543,6,0
752,30,0
4897,31,0
5399,8,0
959,21,0
5,9,0
1778,10,0
2958,8,0
2553,18,0
782,2,0
4098,40,0
882,10,0
4550,12,0
1598,20,0
4789,18,0
5236,4,0
4011,15,0
3675,4,0
2953,13,0
1422,2,0
6364,14,0
5167,17,0
1109,1,0
1250,15,0
3558,10,0
1247,6,0
1974,3,0
6123,8,0
2055,23,0
3552,10,0
2746,3,0
4819,2,0
4990,5,0
3110,11,0
2795,8,0
5511,20,0
4438,17,0
2933,20,0
300,2,0
4338,4,0
4214,3,0
524,24,0
3029,17,0
4040,12,0
740,51,0
5289,14,0
4209,9,0
4434,12,0
2798,32,0
4771,12,0
3489,18,0
6310,13,0
315,6,0
446,6,0
4290,9,0
4149,16,0
2898,33,0
2898,26,0
5260,8,0
5216,2,0
574,14,0
1481,14,0
1170,4,0
4660,18,0
6382,27,0
1505,17,0
5393,1,0
436,4,0
1461,27,0
764,10,0
4796,12,0
4138,12,0
2133,14,0
5283,7,0
2070,6,0
3309,3,0
3916,19,0
5826,13,0
4074,12,0
3059,5,0
583,10,0
3839,18,0
4697,9,0
2245,6,0
2196,18,0
1610,27,0
2706,21,0
4943,12,0
1982,6,0
4268,59,0
3736,22,0
5113,26,0
3120,4,0
1825,12,0
1962,2,0
2616,25,0
1534,11,0
3152,11,0
3742,6,0
3505,21,0
2742,13,0
2580,27,0
1470,5,0
292,21,0
1266,20,0
44,14,0
4713,14,0
3502,23,0
145,6,0
4274,16,0
2332,33,0
4374,25,0
832,11,0
1709,21,0
1613,5,0
113,4,0
3904,10,0
3460,19,0
987,19,0
1326,6,0
4091,13,0
2451,6,0
257,6,0
16,16,0
5775,3,0
4391,16,0
1553,14,0
2876,20,0
3920,9,0
4422,13,0
322,15,0
3869,5,0
2467,18,0
3264,3,0
4086,3,0
4580,22,0
3789,5,0
3930,8,0
6178,10,0
2445,24,0
5605,16,0
3053,13,0
914,12,0
1591,6,0
3779,8,0
4295,6,0
872,7,0
4119,14,0
537,2,0
2964,46,0
5591,5,0
4379,10,0
2533,4,0
3568,28,0
1008,4,0
6354,16,0
4605,25,0
2997,3,0
2964,22,0
3373,19,0
523,24,0
2195,11,0
2553,19,0
5024,9,0
5122,1,0
2046,4,0
4696,9,0
773,37,0
1989,30,0
3100,22,0
3904,2,0
1306,3,0
6369,15,0
2962,9,0
4257,8,0
116,16,0
3570,13,0
5737,34,0
3568,7,0
167,10,0
6424,9,0
6229,3,0
2551,14,0
36,10,0
86,16,0
6435,13,0
3326,3,0
4660,21,0
5624,2,0
1068,23,0
2587,15,0
2938,24,0
3263,1,0
5661,35,0
132,4,0
6268,26,0
943,13,0
3911,4,0
6353,23,0
307,25,0
3740,8,0
2135,20,0
3750,1,0
3503,36,0
124,2,0
1973,15,0
5040,16,0
3283,10,0
3948,44,0
4211,9,0
2913,2,0
3380,5,0
5593,3,0
4403,8,0
4040,4,0
5838,4,0
4160,5,0
4992,26,0
1486,19,0
2499,5,0
1959,8,0
6296,11,0
1870,16,0
3442,13,0
2195,4,0
1322,8,0
4014,5,0
4854,10,0
4980,40,0
1848,32,0
2145,25,0
4967,15,0
754,10,0
3077,8,0
6292,7,0
2732,2,0
4396,15,0
759,12,0
2677,17,0
5096,10,0
6257,6,0
4524,27,0
59,17,0
2843,4,0
118,16,0
4751,7,0
578,7,0
4049,39,0
2606,12,0
2754,1,0
959,6,0
5858,9,0
5758,17,0
5339,6,0
2147,25,0
387,34,0
5529,10,0
965,14,0
6340,12,0
3762,17,0
3216,12,0
5486,6,0
2395,12,0
3482,10,0
2884,25,0
6392,22,0
4395,11,0
2328,20,0
1806,11,0
4660,22,0
4891,17,0
5647,2,0
2531,21,0
3542,8,0
3098,9,0
2034,15,0
2502,5,0
4571,30,0
1738,21,0
2194,15,0
1716,13,0
63,19,0
6248,18,0
4539,32,0
3993,12,0
5076,16,0
974,18,0
6447,14,0
1186,7,0
2631,6,0
5558,16,0
4051,6,0
2227,24,0
1576,4,0
1015,10,0
3689,21,0
727,24,0
1451,9,0
3105,11,0
5301,27,0
728,10,0
3507,14,0
5739,11,0
154,11,0
5702,2,0
5089,8,0
5836,19,0
6274,6,0
6346,27,0
3886,8,0
858,9,0
4978,12,0
6480,22,0
892,11,0
2782,14,0
621,30,0
2566,25,0
1382,2,0
3455,13,0
3159,21,0
1463,2,0
1416,8,0
3533,5,0
1379,8,0
128,25,0
3426,6,0
2240,17,0
2472,18,0
966,27,0
4697,4,0
400,3,0
82,23,0
4992,20,0
787,15,0
2227,23,0
3025,8,0
3516,19,0
3999,24,0
914,5,0
2802,4,0
1550,5,0
5048,7,0
1054,26,0
815,13,0
5534,11,0
4128,34,0
4704,5,0
1210,3,0
3989,14,0
455,10,0
106,10,0
519,12,0
2113,14,0
232,8,0
3955,20,0
5591,12,0
1779,16,0
4494,16,0
2133,12,0
184,12,0
579,22,0
1890,5,0
4739,7,0
6104,1,0
1282,11,0
2594,15,0
5868,13,0
2223,5,0
2901,1,0
5137,20,0
5165,3,0
3886,11,0
3803,9,0
2920,9,0
1539,9,0
5805,11,0
2039,25,0
4907,6,0
3352,6,0
5354,13,0
6422,15,0
6388,26,0
5648,13,0
3089,37,0
781,3,0
4931,16,0
3015,7,0
2344,11,0
5730,7,0
3951,12,0
5204,8,0
3975,15,0
6490,9,0
3345,14,0
2237,17,0
6011,25,0
6291,26,0
1691,10,0
178,17,0
4006,2,0
2346,4,0
2381,11,0
5754,13,0
3506,17,0
5466,59,0
4447,38,0
1656,16,0
4931,37,0
5580,21,0
4391,25,0
3620,2,0
2339,7,0
3776,6,0
4441,15,0
3733,6,0
451,3,0
5090,17,0
786,16,0
6291,7,0
4527,17,0
4771,34,0
908,7,0
4539,7,0
3930,1,0
4935,1,0
1279,16,0
2347,2,0
566,14,0
4505,3,0
5590,4,0
6056,9,0
5208,6,0
3916,15,0
2,13,0
4195,8,0
3707,7,0
3345,13,0
1756,4,0
2681,21,0
1641,13,0
2711,12,0
6171,8,0
780,13,0
2838,21,0
2396,20,0
3553,4,0
700,23,0
4736,13,0
2073,23,0
5578,17,0
5562,14,0
2012,9,0
5185,19,0
136,26,0
4526,14,0
3614,13,0
6447,15,0
5183,20,0
2156,4,0
4019,31,0
5633,37,0
5863,27,0
4486,18,0
4216,8,0
519,10,0
3989,7,0
6385,17,0
5279,10,0
1742,13,0
1921,12,0
3394,8,0
5511,27,0
4540,25,0
1962,1,0
2899,22,0
1991,10,0
2399,3,0
1702,39,0
62,21,0
3280,16,0
4122,12,0
3228,19,0
4453,41,0
2252,31,0
4287,7,0
5218,8,0
4709,6,0
781,13,0
2752,14,0
592,9,0
167,8,0
4267,10,0
5012,1,0
1223,10,0
3362,1,0
3548,21,0
6149,16,0
5509,3,0
1810,13,0
43,2,0
4429,8,0
3021,17,0
4263,18,0
4368,24,0
2754,2,0
2704,8,0
4673,23,0
2448,17,0
4345,15,0
5012,21,0
637,1,0
88,5,0
5788,10,0
6199,5,0
3,29,0
2246,21,0
3995,7,0
2676,9,0
4596,2,0
351,10,0
119,10,0
1400,2,0
5230,36,0
6270,16,0
6257,7,0
3652,5,0
1938,1,0
2757,16,0
1225,10,0
2800,12,0
3246,16,0
3590,19,0
2844,3,0
5710,9,0
850,12,0
3339,13,0
3642,4,0
1428,6,0
1389,16,0
3228,6,0
5249,27,0
1943,10,0
3882,14,0
1051,25,0
2803,14,0
4879,5,0
4185,23,0
6407,2,0
1990,17,0
3671,10,0
841,4,0
4480,4,0
4283,2,0
3823,5,0
234,4,0
2265,25,0
2439,29,0
5727,6,0
932,4,0
4662,14,0
358,1,0
839,4,0
4503,20,0
5852,4,0
4572,19,0
5728,15,0
3067,9,0
1383,8,0
3631,23,0
2255,36,0
2458,6,0
3735,3,0
637,17,0
5681,4,0
3735,11,0
2593,23,0
1565,16,0
3607,1,0
6303,30,0
6140,12,0
5347,9,0
4596,7,0
2545,13,0
4476,18,0
4656,11,0
4051,26,0
5866,6,0
3587,5,0
3345,4,0
5804,4,0
2385,2,0
5133,9,0
4414,4,0
3052,22,0
696,20,0
5843,4,0
1644,14,0
1965,6,0
4406,17,0
4820,12,0
3786,15,0
1026,8,0
1512,24,0
21,13,0
1886,13,0
3199,3,0
3346,9,0
3366,22,0
3067,7,0
1029,28,0
1225,4,0
120,14,0
1307,11,0
6253,9,0
2070,29,0
3342,26,0
1477,11,0
4910,6,0
6389,9,0
1005,8,0
130,12,0
5167,14,0
5377,7,0
5274,2,0
3517,3,0
2901,11,0
4539,47,0
4123,10,0
1462,29,0
4382,16,0
3,14,0
4322,18,0
6342,8,0
2722,8,0
2864,1,0
2570,18,0
3191,2,0
5357,5,0
455,28,0
3629,7,0
1609,14,0
5960,13,0
4436,8,0
2717,22,0
4290,4,0
5100,28,0
304,12,0
5849,8,0
6437,12,0
4451,25,0
1839,4,0
5797,3,0
4473,11,0
2208,10,0
4427,10,0
6380,3,0
2,26,0
2982,2,0
4666,15,0
1480,10,0
6274,11,0
5489,45,0
5234,10,0
4946,6,0
3226,8,0
824,9,0
1760,23,0
4457,34,0
70,25,0
3378,25,0
4077,30,0
2437,11,0
519,17,0
882,4,0
2130,3,0
112,9,0
737,14,0
926,2,0
4728,36,0
482,5,0
4013,18,0
2198,9,0
14,12,0
2711,9,0
5931,1,0
180,14,0
3940,12,0
2517,35,0
5287,9,0
3162,13,0
5308,14,0
4472,3,0
2360,9,0
4485,3,0
3315,5,0
293,31,0
5727,3,0
849,8,0
2690,5,0
1543,14,0
4583,13,0
781,6,0
5060,11,0
396,25,0
4214,17,0
3221,4,0
6428,11,0
1564,9,0
2142,24,0
1875,3,0
294,11,0
4949,10,0
6462,36,0
4711,16,0
5641,7,0
2888,11,0
2433,24,0
3400,15,0
5633,6,0
3596,4,0
1622,24,0
3167,13,0
2880,21,0
2552,24,0
2589,32,0
1889,25,0
2803,30,0
5154,17,0
5879,11,0
258,9,0
1843,14,0
2311,29,0
3313,9,0
3256,19,0
6347,11,0
2861,2,0
1957,19,0
723,28,0
5260,12,0
1845,2,0
3033,36,0
1202,7,0
122,19,0
731,40,0
3435,13,0
6293,13,0
526,7,0
17,9,0
5340,6,0
5097,9,0
2703,5,0
4740,7,0
2205,35,0
2241,8,0
5345,35,0
2683,20,0
4897,15,0
4782,11,0
5711,17,0
3698,2,0
6447,11,0
941,37,0
5591,28,0
3813,3,0
6134,18,0
5155,16,0
5746,17,0
4150,22,0
786,1,0
6471,12,0
4044,2,0
2834,7,0
5764,51,0
5848,25,0
5257,19,0
327,10,0
2215,36,0
3815,11,0
5442,6,0
2893,50,0
2430,5,0
924,5,0
3933,8,0
2382,31,0
5877,16,0
5355,35,0
3925,11,0
3252,17,0
1312,23,0
5113,7,0
3108,29,0
6088,1,0
2854,5,0
5774,31,0
1586,9,0
4690,17,0
4964,10,0
70,19,0
301,16,0
1726,26,0
3228,13,0
5844,25,0
3456,8,0
1425,8,0
4416,30,0
2264,3,0
3708,9,0
6007,13,0
509,2,0
2108,38,0
2783,9,0
4843,10,0
6467,9,0
5777,21,0
930,11,0
4563,21,0
731,7,0
4267,25,0
6240,15,0
5144,10,0
2105,19,0
315,10,0
3510,14,0
2815,10,0
5529,5,0
2059,3,0
900,28,0
3849,12,0
820,6,0
3836,7,0
4216,11,0
4410,59,0
290,32,0
5554,19,0
7,3,0
4875,6,0
5704,4,0
6120,2,0
3970,24,0
2398,10,0
2521,24,0
2128,4,0
4782,3,0
3591,4,0
815,7,0
5374,6,0
2520,20,0
4133,20,0
919,6,0
3132,4,0
844,23,0
1622,18,0
2243,14,0
103,12,0
4543,30,0
2198,25,0
2121,33,0
905,8,0
3080,24,0
2676,31,0
2816,9,0
1022,6,0
232,12,0
70,27,0
6328,15,0
1462,25,0
3116,9,0
3435,7,0
1067,20,0
3839,20,0
5077,45,0
5092,7,0
389,18,0
1908,4,0
2985,16,0
3949,19,0
2578,46,0
5766,9,0
1368,20,0
4208,31,0
1438,15,0
363,25,0
5094,11,0
6149,24,0
1063,13,0
1497,9,0
573,9,0
966,33,0
1237,12,0
4456,23,0
2665,8,0
5688,10,0
4758,10,0
3061,13,0
5591,10,0
4802,17,0
2984,28,0
2696,17,0
1566,37,0
6477,10,0
3538,4,0
2430,7,0
5919,17,0
2502,12,0
4503,17,0
789,5,0
3283,23,0
1127,9,0
4737,26,0
5549,11,0
4048,20,0
2919,104,0
5389,16,0
1230,9,0
3080,15,0
2904,21,0
2489,11,0
1416,13,0
2581,4,0
2753,26,0
2811,8,0
4739,8,0
3104,10,0
3535,13,0
6389,22,0
1291,4,0
6369,17,0
1880,14,0
2761,8,0
4671,23,0
4436,10,0
2253,17,0
4633,7,0
5733,24,0
3897,5,0
1307,8,0
5313,2,0
99,28,0
4540,13,0
4943,18,0
6320,5,0
4724,5,0
523,6,0
5548,9,0
3920,10,0
2242,11,0
5848,10,0
5990,9,0
5902,2,0
234,24,0
1543,11,0
3797,2,0
1588,7,0
6189,4,0
4944,22,0
1225,2,0
1788,27,0
2838,19,0
778,9,0
3275,3,0
4040,20,0
3552,18,0
5895,12,0
6486,7,0
5591,7,0
2019,9,0
5105,27,0
5248,11,0
4596,50,0
464,14,0
392,62,0
785,2,0
1098,9,0
1286,10,0
2145,47,0
396,28,0
1374,28,0
5511,29,0
3872,11,0
4345,18,0
5652,9,0
4178,1,0
4450,8,0
3260,4,0
5810,2,0
3045,15,0
1437,5,0
4605,40,0
1664,31,0
4593,5,0
3722,4,0
2047,2,0
2098,11,0
1396,5,0
6134,22,0
3823,19,0
718,6,0
4533,5,0
2597,29,0
3336,5,0
4395,16,0
5511,21,0
6354,9,0
3425,2,0
800,10,0
3058,16,0
4055,6,0
2103,11,0
1091,19,0
3105,10,0
2056,4,0
3075,27,0
4213,9,0
5113,23,0
5970,3,0
4566,34,0
3362,8,0
2145,11,0
3928,16,0
2381,30,0
6200,17,0
5096,4,0
6300,18,0
797,21,0
0,6,0
6205,3,0
2651,7,0
3238,8,0
5794,17,0
3502,13,0
3815,6,0
2073,9,0
328,14,0
2842,15,0
5630,6,0
352,3,0
4979,31,0
3333,8,0
4711,4,0
5467,16,0
3393,14,0
5849,4,0
2092,18,0
2997,4,0
5903,12,0
1675,14,0
6146,12,0
1539,14,0
5766,5,0
4667,5,0
5861,13,0
4469,6,0
4287,12,0
1585,14,0
3528,6,0
4861,9,0
2395,3,0
4063,23,0
435,8,0
5808,8,0
5964,2,0
6148,8,0
894,24,0
5185,18,0
6008,7,0
5612,27,0
1590,18,0
4374,22,0
5882,7,0
6266,12,0
2984,24,0
3625,10,0
1015,18,0
4938,8,0
3790,14,0
4616,6,0
5589,11,0
2415,7,0
1307,24,0
3556,16,0
2145,58,0
2705,6,0
2889,10,0
4447,28,0
4990,18,0
1079,11,0
4110,41,0
2591,24,0
1882,6,0
3154,7,0
4587,4,0
3195,3,0
1733,16,0
3789,8,0
280,17,0
2946,8,0
1478,4,0
4548,20,0
2069,17,0
5775,15,0
4565,17,0
4571,21,0
864,22,0
1040,26,0
5591,8,0
4763,18,0
4289,4,0
2740,39,0
2720,7,0
3379,9,0
5894,15,0
4281,26,0
6160,9,0
737,2,0
3873,13,0
3681,15,0
3967,3,0
1791,3,0
5269,2,0
5005,21,0
4405,6,0
2205,12,0
3503,35,0
5230,27,0
2897,22,0
2238,20,0
2770,34,0
3527,9,0
889,7,0
1200,1,0
6131,16,0
5814,12,0
2892,27,0
4504,22,0
3660,21,0
1698,15,0
6418,15,0
2864,2,0
786,13,0
5464,11,0
5063,7,0
1469,9,0
5092,34,0
2127,3,0
2861,8,0
3018,2,0
4445,21,0
6485,7,0
32,33,0
3916,4,0
1170,19,0
2237,28,0
4411,8,0
4721,22,0
2243,27,0
1507,11,0
5265,36,0
3332,11,0
3200,4,0
2484,9,0
5582,12,0
2816,20,0
6297,6,0
984,8,0
205,14,0
2371,14,0
1646,6,0
2786,6,0
1361,11,0
3136,19,0
5291,3,0
5703,7,0
4073,7,0
647,2,0
6327,19,0
1126,13,0
1913,17,0
3402,5,0
3986,47,0
703,11,0
4578,4,0
2515,23,0
1600,1,0
4430,13,0
2182,20,0
5662,7,0
1425,21,0
1657,12,0
2871,23,0
6200,4,0
3422,2,0
2191,17,0
5074,6,0
3995,11,0
1934,6,0
3284,11,0
2857,12,0
4037,2,0
5486,11,0
2783,13,0
4961,6,0
5379,16,0
6298,13,0
1444,14,0
3315,4,0
1946,9,0
5873,10,0
4775,3,0
5504,9,0
5339,5,0
1199,2,0
5740,5,0
2517,38,0
3373,21,0
812,24,0
6256,3,0
2196,2,0
519,16,0
5962,15,0
4614,25,0
2903,10,0
1153,16,0
1376,7,0
4160,16,0
784,7,0
2706,24,0
1448,19,0
55,12,0
1831,9,0
2649,15,0
4019,15,0
3065,12,0
3089,33,0
3130,3,0
3503,34,0
3681,14,0
605,2,0
1526,10,0
347,10,0
4443,10,0
234,33,0
5064,28,0
3654,4,0
5765,5,0
2504,9,0
2215,30,0
2531,34,0
5848,15,0
6462,49,0
3254,21,0
4038,3,0
3220,11,0
969,12,0
4887,15,0
5618,6,0
6215,2,0
2255,19,0
5738,2,0
2929,15,0
5047,18,0
3361,7,0
1626,13,0
2836,26,0
2562,15,0
3854,21,0
5757,42,0
4896,21,0
4268,55,0
4877,3,0
2116,3,0
2323,3,0
743,2,0
2500,39,0
1915,13,0
2764,7,0
4932,30,0
1829,8,0
2784,17,0
5641,8,0
330,28,0
1457,14,0
6369,10,0
4133,21,0
4113,41,0
3322,7,0
674,5,0
32,18,0
934,19,0
6205,6,0
3021,2,0
85,23,0
6429,4,0
4392,14,0
4729,18,0
1887,3,0
3373,27,0
2984,6,0
1913,24,0
2615,20,0
2588,6,0
6088,17,0
3202,11,0
4588,31,0
770,11,0
6425,16,0
5746,21,0
2900,14,0
6253,11,0
5090,11,0
3672,2,0
5455,5,0
1075,11,0
2197,19,0
3841,2,0
5041,31,0
1698,13,0
1237,22,0
3077,19,0
3884,15,0
4179,19,0
2889,16,0
4418,9,0
4758,27,0
4577,25,0
2566,23,0
4280,6,0
2330,18,0
2921,8,0
3150,12,0
3581,15,0
3187,16,0
1867,11,0
23,10,0
6326,7,0
5300,17,0
5252,8,0
5830,5,0
1513,13,0
898,5,0
5645,1,0
5354,11,0
1480,8,0
4846,24,0
325,3,0
4144,14,0
4804,9,0
2721,13,0
447,10,0
5175,3,0
3,26,0
5665,6,0
6423,2,0
2298,5,0
931,1,0
5012,15,0
2830,23,0
4814,25,0
1524,2,0
954,16,0
2765,15,0
2918,22,0
3631,25,0
6279,22,0
4934,20,0
317,6,0
3435,11,0
2364,17,0
2062,22,0
5214,5,0
2363,10,0
4021,7,0
4602,6,0
3136,9,0
1580,25,0
6445,5,0
1610,16,0
2628,15,0
1639,17,0
877,11,0
3115,2,0
2861,13,0
2768,30,0
2328,5,0
52,23,0
1068,13,0
4456,7,0
3698,12,0
2598,6,0
5320,5,0
3199,1,0
2919,9,0
1356,5,0
2954,5,0
42,9,0
5770,4,0
6312,5,0
2548,36,0
2530,14,0
1781,3,0
4666,12,0
4109,18,0
145,4,0
1963,2,0
5764,15,0
1340,3,0
558,12,0
3051,23,0
6157,15,0
4593,40,0
1910,2,0
5641,15,0
1063,3,0
3544,9,0
539,7,0
4585,40,0
2528,14,0
1044,27,0
3232,35,0
726,16,0
1565,8,0
1982,14,0
4548,28,0
2099,7,0
3786,8,0
4504,29,0
3672,7,0
205,15,0
5161,32,0
5687,25,0
967,25,0
1168,1,0
5476,32,0
5486,25,0
2202,18,0
3424,12,0
2206,10,0
2644,23,0
2828,6,0
488,32,0
1848,12,0
5840,18,0
2451,7,0
763,35,0
4635,4,0
5063,21,0
1237,16,0
4408,13,0
2813,5,0
6436,15,0
5278,33,0
3953,11,0
1537,6,0
377,7,0
1174,11,0
800,7,0
4112,11,0
1622,7,0
5558,3,0
5857,5,0
2253,21,0
1751,12,0
3982,17,0
841,13,0
3653,18,0
1703,23,0
5328,14,0
2698,9,0
5863,3,0
3195,1,0
4387,11,0
5652,6,0
1767,30,0
5904,4,0
3883,4,0
3775,5,0
5843,18,0
1742,27,0
5254,22,0
1170,12,0
2718,5,0
6208,2,0
1421,4,0
6453,8,0
4522,9,0
2180,5,0
593,9,0
703,15,0
1586,14,0
2186,13,0
3572,14,0
2050,3,0
2039,10,0
3950,8,0
2511,2,0
4664,34,0
2346,1,0
5476,30,0
276,30,0
4666,6,0
4846,19,0
5201,8,0
18,1,0
4367,4,0
3513,5,0
3571,11,0
3769,22,0
3411,3,0
133,14,0
3221,31,0
4027,20,0
4345,12,0
4888,8,0
2412,30,0
5370,29,0
6200,15,0
4515,25,0
6196,12,0
2944,8,0
1932,4,0
781,16,0
773,26,0
5756,2,0
4208,42,0
2332,25,0
3757,15,0
1679,23,0
3004,20,0
1991,3,0
208,34,0
2240,7,0
4929,29,0
4345,16,0
5507,25,0
5476,4,0
6169,3,0
4137,39,0
3926,9,0
1835,5,0
575,10,0
2506,27,0
4670,15,0
4542,34,0
4728,22,0
3386,15,0
1153,10,0
3344,8,0
5837,20,0
6369,2,0
1570,6,0
1409,8,0
1943,16,0
979,26,0
2076,38,0
6480,24,0
2442,9,0
584,8,0
4101,14,0
2055,9,0
5860,10,0
3439,11,0
3249,14,0
6315,17,0
6253,16,0
5516,3,0
1457,16,0
6207,13,0
77,8,0
2037,8,0
4519,28,0
1834,22,0
3233,20,0
2014,7,0
1566,23,0
3129,17,0
2070,36,0
3017,3,0
4268,58,0
781,17,0
2665,12,0
132,13,0
3453,14,0
749,14,0
76,3,0
5766,40,0
2371,15,0
4953,17,0
1626,20,0
1641,7,0
4261,11,0
4562,20,0
3804,17,0
6468,6,0
5629,5,0
4475,9,0
1801,26,0
1751,15,0
2765,4,0
4758,50,0
3710,15,0
6263,48,0
1650,7,0
6263,49,0
2061,5,0
3488,18,0
3004,32,0
5399,11,0
3198,10,0
2218,6,0
2290,19,0
394,63,0
435,3,0
2683,28,0
1859,14,0
788,3,0
5316,3,0
6274,29,0
3065,1,0
2463,8,0
3836,2,0
6442,11,0
5850,10,0
2815,9,0
3257,5,0
5318,1,0
5822,49,0
2854,8,0
6251,9,0
1300,5,0
5713,14,0
982,5,0
4462,18,0
6136,11,0
2454,10,0
2867,14,0
2929,13,0
2194,20,0
3470,4,0
3255,7,0
5177,24,0
4614,26,0
1083,17,0
1509,10,0
3682,8,0
2180,6,0
4528,32,0
305,25,0
2183,22,0
829,3,0
392,45,0
3570,1,0
3915,19,0
4384,15,0
3474,18,0
4110,34,0
5958,19,0
3293,4,0
1933,20,0
1026,16,0
4720,3,0
1300,6,0
450,29,0
5081,13,0
4182,67,0
3498,44,0
3454,15,0
4278,27,0
413,4,0
853,9,0
1260,17,0
4233,13,0
729,11,0
4703,20,0
8,13,0
390,8,0
775,4,0
3004,19,0
3649,8,0
4477,9,0
5132,4,0
3616,13,0
6224,15,0
2323,12,0
1211,8,0
224,2,0
4447,33,0
5603,4,0
331,16,0
701,24,0
1055,4,0
3092,3,0
4792,15,0
2930,20,0
5043,16,0
5097,8,0
2052,10,0
4585,9,0
1063,8,0
2446,24,0
2123,21,0
3280,17,0
4208,5,0
558,1,0
1531,6,0
6385,27,0
2494,30,0
2470,9,0
5126,19,0
4810,1,0
6262,5,0
4091,11,0
3152,15,0
1815,4,0
946,8,0
1944,7,0
631,8,0
524,42,0
1330,12,0
201,13,0
4668,5,0
4570,14,0
1679,37,0
330,5,0
683,3,0
2205,27,0
4583,10,0
4762,14,0
881,27,0
1971,12,0
6430,11,0
1746,11,0
5564,6,0
3978,1,0
5826,9,0
519,22,0
1044,19,0
4173,24,0
6270,47,0
4391,7,0
5891,2,0
4475,57,0
2689,9,0
32,28,0
363,26,0
4800,6,0
1884,20,0
2205,10,0
5349,2,0
6374,21,0
696,4,0
5516,16,0
1786,10,0
2529,11,0
2121,20,0
4819,3,0
1173,4,0
3474,17,0
4363,19,0
5561,13,0
5989,7,0
5780,29,0
5639,11,0
5818,17,0
2512,44,0
2928,2,0
4679,2,0
1651,3,0
1476,6,0
6399,15,0
4704,6,0
396,24,0
1210,30,0
3267,12,0
2015,16,0
4956,15,0
4939,17,0
2798,20,0
3177,19,0
82,15,0
5555,15,0
2455,14,0
5455,15,0
514,19,0
68,5,0
1155,6,0
1433,16,0
3228,18,0
4428,17,0
5018,13,0
5308,7,0
6418,36,0
2628,10,0
5746,15,0
4160,12,0
1893,6,0
4884,18,0
5736,24,0
5977,2,0
4144,11,0
3536,17,0
2467,36,0
1703,22,0
1485,9,0
2435,29,0
4986,5,0
5085,14,0
4839,12,0
5726,10,0
1101,9,0
2679,23,0
3969,17,0
3275,9,0
3597,23,0
4683,11,0
3999,19,0
3253,4,0
4816,40,0
6038,14,0
2284,18,0
2284,10,0
3379,15,0
1777,8,0
1274,17,0
2468,5,0
3125,32,0
869,5,0
5506,16,0
4618,1,0
5232,22,0
3703,5,0
5619,6,0
3096,27,0
3099,11,0
2676,8,0
6319,5,0
3130,17,0
81,3,0
4519,33,0
3055,27,0
1227,8,0
4451,6,0
5588,3,0
2477,2,0
2842,11,0
5378,7,0
2698,6,0
5131,11,0
6381,19,0
3380,12,0
598,14,0
2237,15,0
1224,16,0
1554,5,0
4199,24,0
1509,4,0
3618,16,0
5779,4,0
63,18,0
581,22,0
2346,5,0
1629,15,0
1288,21,0
4665,14,0
958,20,0
2105,18,0
291,2,0
328,22,0
2885,23,0
4737,28,0
1264,25,0
1907,7,0
5280,11,0
4294,9,0
5106,14,0
312,11,0
1740,6,0
1804,6,0
5011,20,0
4771,40,0
41,8,0
2777,32,0
1340,10,0
3953,25,0
4127,31,0
2740,2,0
2686,15,0
5024,2,0
3892,10,0
4671,18,0
2778,4,0
6122,4,0
4548,17,0
6248,34,0
1854,26,0
3572,5,0
2755,3,0
4533,13,0
1660,18,0
5735,3,0
807,3,0
5033,7,0
2445,26,0
3166,5,0
771,20,0
4691,1,0
645,1,0
4676,15,0
1007,7,0
987,22,0
1693,12,0
2050,10,0
2627,9,0
4913,9,0
5316,12,0
3509,22,0
4135,30,0
1854,22,0
3913,17,0
6375,7,0
2506,28,0
6298,11,0
3828,2,0
4453,36,0
1029,25,0
111,20,0
3931,21,0
1448,22,0
5837,3,0
1697,8,0
3362,2,0
1960,10,0
5675,5,0
3833,28,0
5329,17,0
4992,6,0
5560,15,0
13,5,0
3851,1,0
2650,12,0
5830,10,0
4020,13,0
3852,5,0
4185,26,0
2952,26,0
1804,4,0
5484,10,0
3492,6,0
1729,20,0
763,4,0
5767,23,0
3266,14,0
527,29,0
2594,45,0
4133,12,0
2921,13,0
518,16,0
3380,9,0
3045,18,0
2887,36,0
2891,49,0
6146,4,0
1394,4,0
4368,3,0
2827,13,0
1431,12,0
1149,29,0
5252,9,0
1600,28,0
2782,9,0
4317,3,0
775,24,0
713,41,0
5804,2,0
4439,14,0
5540,30,0
3455,8,0
4977,7,0
3052,21,0
3953,18,0
5301,7,0
5504,12,0
3179,7,0
2893,39,0
6357,28,0
294,3,0
1827,15,0
2429,7,0
2166,25,0
6345,51,0
3387,25,0
1333,14,0
4512,10,0
6248,9,0
1264,10,0
6486,9,0
4480,8,0
5249,28,0
4607,8,0
2888,16,0
5481,8,0
4070,6,0
2517,29,0
4340,32,0
5862,12,0
4033,4,0
2905,7,0
2953,14,0
5775,12,0
458,15,0
6268,12,0
6313,22,0
2146,11,0
2494,12,0
5024,17,0
5333,17,0
3545,9,0
1622,13,0
6281,6,0
41,10,0
2089,11,0
3587,4,0
5531,2,0
4077,35,0
3366,8,0
3786,3,0
4792,18,0
6228,4,0
5512,15,0
3855,14,0
2531,6,0
5076,21,0
2473,16,0
4441,13,0
2290,40,0
428,25,0
2512,6,0
3779,4,0
2107,3,0
4386,7,0
3058,19,0
2598,9,0
1387,27,0
4294,10,0
1179,19,0
2753,20,0
5794,18,0
3034,27,0
2675,5,0
324,11,0
4520,15,0
769,4,0
2765,3,0
4293,13,0
1701,24,0
1654,4,0
6441,18,0
4014,19,0
2562,21,0
2437,10,0
4395,1,0
3715,9,0
115,11,0
5488,11,0
2530,12,0
2784,2,0
2518,28,0
429,3,0
1448,10,0
3873,14,0
2889,4,0
1678,8,0
3226,4,0
5044,6,0
872,4,0
3871,3,0
536,6,0
3708,8,0
4109,7,0
149,11,0
3865,16,0
394,43,0
4774,5,0
2670,8,0
5568,3,0
529,10,0
1224,33,0
1311,7,0
2133,7,0
5550,26,0
2183,13,0
6225,9,0
3025,6,0
209,25,0
134,12,0
3549,8,0
4501,6,0
2739,20,0
4322,26,0
4971,23,0
5858,24,0
3937,12,0
3587,11,0
5287,7,0
5905,3,0
5849,16,0
6421,4,0
1615,28,0
4936,20,0
4182,42,0
4978,15,0
4451,11,0
770,9,0
3221,38,0
6348,63,0
1758,7,0
5264,22,0
4527,12,0
5282,7,0
3564,47,0
601,1,0
4369,30,0
4539,1,0
3195,8,0
2673,11,0
4820,21,0
2022,8,0
5242,10,0
4154,4,0
4615,25,0
1005,5,0
4931,13,0
12,10,0
3399,7,0
5842,28,0
6278,8,0
3180,13,0
640,8,0
5906,9,0
729,23,0
1548,4,0
4667,7,0
1850,13,0
4467,25,0
4345,28,0
3558,16,0
5486,17,0
77,11,0
2742,2,0
2698,8,0
4664,30,0
2981,3,0
959,7,0
1069,9,0
6447,18,0
4544,20,0
2476,31,0
4013,11,0
4962,14,0
939,2,0
6256,10,0
827,12,0
146,9,0
3265,12,0
2541,16,0
2488,25,0
1614,18,0
3746,4,0
770,2,0
5340,11,0
6490,12,0
5838,19,0
5842,30,0
5730,12,0
4789,20,0
4677,12,0
2902,9,0
2778,11,0
5265,31,0
2113,15,0
1810,17,0
2444,9,0
4622,15,0
4142,11,0
3089,10,0
5691,7,0
5031,10,0
2776,17,0
2963,5,0
2438,1,0
4510,7,0
6300,27,0
5126,8,0
2048,12,0
2839,11,0
131,30,0
2421,10,0
5054,5,0
3014,16,0
2837,24,0
4363,5,0
1610,21,0
973,9,0
5596,11,0
6353,46,0
5882,19,0
5674,13,0
6345,44,0
1186,6,0
1595,7,0
809,9,0
2512,36,0
6484,5,0
232,14,0
2254,2,0
2896,12,0
6133,30,0
945,11,0
1237,18,0
4410,56,0
1371,15,0
2581,17,0
4241,5,0
5666,20,0
4508,36,0
6327,28,0
5773,17,0
4543,23,0
2719,8,0
2836,5,0
959,16,0
4820,3,0
1264,24,0
3717,2,0
3434,14,0
1497,11,0
529,12,0
3379,5,0
4539,2,0
2875,6,0
1990,23,0
4940,22,0
1264,23,0
2206,7,0
760,20,0
3058,31,0
46,24,0
4163,17,0
2415,23,0
2541,14,0
4664,18,0
290,21,0
5455,11,0
2762,22,0
471,1,0
2927,16,0
982,12,0
1251,3,0
1024,4,0
1387,17,0
3462,4,0
4473,35,0
6257,23,0
3497,6,0
2137,24,0
4754,9,0
3786,9,0
6408,7,0
2195,6,0
2484,8,0
4710,6,0
4234,16,0
4686,12,0
1944,15,0
4152,13,0
5177,23,0
4566,39,0
2342,4,0
1907,16,0
3916,20,0
2,10,0
1625,4,0
4160,15,0
3081,14,0
2440,19,0
4868,12,0
3811,5,0
1238,5,0
3844,1,0
4993,27,0
3400,18,0
3569,5,0
792,21,0
2429,22,0
6125,10,0
3334,19,0
1803,18,0
5868,25,0
3339,17,0
1558,9,0
1839,7,0
1913,19,0
2487,7,0
2068,7,0
4524,29,0
2111,6,0
2059,36,0
3047,14,0
316,35,0
325,9,0
6485,13,0
2117,5,0
1034,6,0
5043,14,0
1237,7,0
2921,5,0
394,48,0
5751,19,0
2595,21,0
4066,5,0
3410,49,0
5663,6,0
2216,14,0
728,18,0
2332,22,0
18,7,0
177,17,0
3750,2,0
6291,18,0
3302,36,0
5299,10,0
1697,24,0
5861,17,0
1723,3,0
1325,3,0
1236,45,0
290,33,0
3872,12,0
4215,20,0
1040,21,0
6226,13,0
876,11,0
4843,12,0
2656,5,0
5277,6,0
1735,7,0
2807,12,0
5072,7,0
5486,2,0
4515,40,0
5266,25,0
4706,23,0
2763,11,0
6157,19,0
1202,10,0
2956,14,0
494,15,0
4857,12,0
4313,28,0
4539,11,0
3940,4,0
2197,30,0
811,5,0
4209,17,0
4757,28,0
3439,16,0
2417,17,0
304,4,0
6353,29,0
837,6,0
2904,3,0
1354,6,0
969,7,0
1368,9,0
6354,14,0
2462,5,0
3338,2,0
2642,17,0
2520,31,0
128,19,0
6082,9,0
1702,15,0
3180,11,0
4051,12,0
1599,33,0
3144,20,0
5841,13,0
1673,5,0
487,1,0
3814,5,0
2233,9,0
2518,39,0
2914,61,0
6346,26,0
5273,7,0
4562,31,0
3861,13,0
2514,3,0
5466,26,0
2104,4,0
90,13,0
1136,25,0
367,3,0
6289,24,0
4236,26,0
3175,9,0
3034,24,0
967,20,0
5452,9,0
901,7,0
2127,24,0
344,21,0
5202,27,0
5752,24,0
2107,32,0
301,17,0
346,26,0
4766,13,0
1391,4,0
3479,7,0
1893,5,0
3135,14,0
4586,25,0
5897,3,0
2935,7,0
3662,8,0
1153,15,0
3291,4,0
4310,11,0
5538,19,0
4621,16,0
4345,21,0
3884,11,0
986,16,0
2964,37,0
5068,31,0
1896,19,0
387,22,0
4724,12,0
3045,12,0
2890,11,0
3463,8,0
4931,30,0
3234,5,0
2330,32,0
5371,18,0
3026,20,0
4820,4,0
2094,2,0
5805,10,0
6299,28,0
481,8,0
1389,13,0
6302,10,0
5668,25,0
5624,11,0
4708,14,0
3423,17,0
4980,5,0
3670,8,0
5766,45,0
1208,7,0
2981,11,0
3872,6,0
3869,10,0
4808,21,0
5258,7,0
5090,37,0
3410,14,0
4562,33,0
4586,32,0
792,3,0
3316,12,0
3785,10,0
2852,4,0
1610,10,0
1248,22,0
1496,12,0
131,12,0
3108,28,0
2512,39,0
5551,4,0
850,1,0
5084,7,0
3726,9,0
2838,36,0
5265,6,0
3269,4,0
3719,2,0
775,28,0
1694,8,0
3994,18,0
5640,10,0
3312,9,0
4455,17,0
3298,9,0
952,7,0
2330,29,0
4931,24,0
4596,10,0
6145,6,0
2580,18,0
2572,22,0
4898,34,0
66,4,0
6453,6,0
4825,1,0
1283,25,0
2247,9,0
6441,21,0
4319,21,0
1610,24,0
2839,24,0
1784,9,0
22,8,0
4034,11,0
1526,13,0
1826,23,0
1566,38,0
5626,19,0
90,14,0
1600,3,0
4122,24,0
3481,10,0
1044,20,0
1359,6,0
5549,1,0
5675,2,0
4051,36,0
2073,27,0
4671,17,0
5190,14,0
142,11,0
2291,19,0
6174,27,0
3786,11,0
2330,9,0
4049,7,0
1989,16,0
125,17,0
5580,17,0
1794,2,0
1886,2,0
2432,18,0
5810,24,0
329,12,0
2846,12,0
6335,16,0
4063,47,0
959,24,0
6156,23,0
4651,1,0
2813,11,0
2205,25,0
2048,2,0
3361,13,0
3836,9,0
982,1,0
1680,2,0
5591,19,0
3155,11,0
1091,8,0
293,43,0
5759,25,0
188,18,0
4737,2,0
5685,33,0
557,15,0
728,14,0
5953,19,0
3632,4,0
0,8,0
6430,4,0
5398,5,0
2477,8,0
1649,3,0
4863,5,0
605,7,0
2363,11,0
2235,18,0
663,20,0
3098,7,0
4962,18,0
3029,11,0
6339,16,0
4088,9,0
4795,2,0
6489,32,0
4581,17,0
4436,3,0
3718,10,0
5583,9,0
3033,14,0
5608,16,0
78,18,0
5041,13,0
733,4,0
1580,3,0
1117,7,0
6329,37,0
5167,15,0
13,12,0
4416,31,0
2740,29,0
3480,16,0
3110,17,0
800,2,0
1018,18,0
3013,3,0
1600,26,0
5507,17,0
4944,14,0
3392,10,0
2162,6,0
4154,15,0
2264,24,0
3023,26,0
237,4,0
264,6,0
3869,9,0
2952,2,0
2883,8,0
3565,1,0
58,7,0
848,25,0
3332,7,0
3917,2,0
3564,43,0
2146,9,0
2815,2,0
1644,10,0
5626,16,0
3339,8,0
1544,4,0
6365,10,0
4051,9,0
3118,13,0
2512,34,0
3700,5,0
5570,4,0
1889,20,0
4316,29,0
1874,18,0
5822,35,0
1751,35,0
3626,5,0
5774,16,0
3064,20,0
1153,7,0
5266,6,0
4963,9,0
6474,2,0
5012,29,0
895,12,0
1201,4,0
2641,9,0
1274,10,0
2941,26,0
1660,28,0
865,14,0
2920,6,0
295,23,0
1312,18,0
5627,19,0
5545,11,0
2120,23,0
2921,20,0
2813,22,0
1941,3,0
2983,35,0
377,2,0
4932,8,0
3706,10,0
3357,3,0
3904,15,0
6233,1,0
3182,20,0
5455,10,0
2414,29,0
5873,20,0
3308,22,0
2610,13,0
3878,15,0
5953,20,0
31,17,0
1731,9,0
5645,4,0
4328,14,0
4680,16,0
6046,4,0
1343,10,0
6434,7,0
4505,4,0
2444,22,0
317,20,0
2594,46,0
2958,9,0
2876,9,0
1522,5,0
3060,28,0
4513,13,0
3220,18,0
755,38,0
1385,2,0
5645,7,0
4979,39,0
333,19,0
5575,6,0
3218,5,0
2134,19,0
2637,24,0
3075,26,0
1798,3,0
4745,9,0
3240,8,0
2681,2,0
3034,35,0
4333,23,0
3490,11,0
135,24,0
3588,4,0
1654,12,0
4896,2,0
1303,43,0
5246,11,0
5236,20,0
4371,1,0
3454,5,0
2740,41,0
4621,13,0
115,10,0
4539,49,0
2381,9,0
2836,16,0
5612,14,0
4539,34,0
222,5,0
3993,13,0
5521,10,0
2134,11,0
5555,12,0
2842,3,0
4446,17,0
5906,4,0
5764,58,0
138,22,0
2865,27,0
3362,15,0
5680,3,0
