1783,132,0
300,18,0
1101,8,0
283,35,0
1209,25,0
1065,58,0
1011,61,0
1786,14,0
336,47,0
57,10,0
1165,20,0
1889,18,0
830,19,1
1775,109,0
467,25,0
554,10,0
1906,66,0
1927,39,0
249,20,0
1078,8,0
1343,29,0
217,47,0
1135,61,0
954,21,0
763,16,0
618,25,0
1128,17,0
1222,36,0
1783,118,0
928,60,0
641,3,0
779,84,0
767,7,0
564,19,0
685,16,0
616,68,0
982,23,0
501,22,0
378,18,0
780,16,0
1309,29,0
996,9,0
1580,7,0
113,4,0
1648,9,0
1680,30,0
216,10,0
1940,21,0
759,35,0
1509,5,0
1587,12,0
205,23,0
423,3,0
619,13,0
846,15,0
1233,35,0
925,8,0
1324,3,0
826,28,0
760,16,0
825,20,0
552,13,0
696,2,0
1514,25,0
1482,7,0
1324,24,0
418,3,0
1415,35,0
1455,1,0
552,7,0
1876,68,0
1817,38,0
1851,39,0
1690,10,0
200,18,0
320,28,0
1936,12,0
1382,21,0
1899,37,0
132,33,0
789,44,0
1033,50,0
1447,14,0
1745,36,0
1779,175,0
936,35,0
638,29,0
1933,13,0
1401,35,0
1452,46,0
1033,43,0
635,39,0
195,26,0
1824,30,0
1611,9,0
490,10,0
1065,73,0
1863,15,0
143,73,0
736,39,0
468,17,0
556,91,0
512,17,0
825,7,0
1555,52,0
812,47,0
1168,21,0
1865,107,0
1912,42,0
58,22,0
642,9,0
439,27,0
1200,18,0
1804,66,0
1145,34,0
1854,45,0
1927,13,0
788,162,0
1722,30,0
924,16,0
771,6,0
1762,90,0
763,19,0
1227,15,0
1353,12,0
1961,32,0
1579,17,0
260,26,0
1655,4,0
309,16,0
1830,7,0
19,23,0
197,21,0
788,135,0
972,2,0
235,15,0
1897,17,0
17,4,0
1124,12,0
1364,35,0
1511,33,0
1830,19,0
606,1,0
328,35,0
117,30,0
475,8,0
1482,43,0
915,37,0
1848,15,0
1202,9,0
90,37,0
1760,22,0
354,20,0
453,12,0
450,35,0
255,37,0
1914,52,0
647,9,0
954,35,0
814,3,0
588,18,0
522,3,0
833,12,0
955,36,0
1933,72,0
1665,8,0
1779,192,0
1903,28,0
1362,3,0
72,29,0
1904,31,0
1775,8,0
1200,31,0
253,9,0
1319,13,0
1781,30,0
491,21,0
259,22,0
1098,16,0
1762,106,0
1848,31,0
87,31,0
1064,27,0
1095,14,0
1578,9,0
676,38,0
1833,31,0
674,11,0
904,61,0
728,22,0
1391,24,0
1023,4,0
683,40,0
505,41,0
735,6,0
864,19,0
866,11,0
734,5,1
1328,24,0
434,43,0
162,12,0
1451,28,0
1651,9,0
488,3,0
1683,13,0
205,22,0
1779,269,0
45,25,0
1135,48,0
656,20,0
583,13,0
1858,148,0
23,17,0
914,2,0
1740,27,0
998,50,0
568,31,0
1902,80,0
1770,26,0
990,24,0
1805,41,0
1745,99,0
1221,28,0
976,16,0
1370,4,0
1778,136,0
1626,11,0
1797,22,0
94,31,0
778,12,0
1748,112,0
1592,18,0
1780,77,0
1842,29,0
1610,58,0
1754,31,0
1167,16,0
420,11,0
1804,44,0
994,47,0
1020,13,0
1669,24,0
1939,14,0
59,7,0
1497,21,0
1394,29,0
789,3,0
716,11,0
1775,102,0
1783,164,0
1681,13,0
1674,3,0
1920,16,0
1194,33,0
1206,105,0
1402,17,0
143,87,0
1582,77,0
198,3,0
1416,5,0
1093,23,0
965,21,0
801,34,0
342,46,0
5,47,0
1823,48,0
647,10,0
928,29,0
1809,57,0
258,4,0
93,25,0
1716,28,0
482,14,0
162,35,0
1411,23,0
160,40,0
1917,137,0
1905,128,0
153,12,0
1778,157,0
1775,93,0
896,5,0
1126,5,0
671,23,0
275,13,0
575,39,0
472,39,0
474,17,0
1136,41,0
1763,57,0
309,29,0
1885,41,0
698,20,0
820,24,0
1104,12,0
892,34,0
88,32,0
727,4,1
1571,6,0
1617,63,0
1780,4,0
1095,13,0
1907,67,0
775,18,0
307,7,0
1779,241,0
1627,28,0
1033,10,0
1793,59,0
1206,20,0
1771,56,0
1786,24,0
266,7,0
1634,8,0
1611,19,0
1826,8,0
906,46,0
1320,1,0
514,6,0
1011,27,0
1824,9,0
1850,32,0
1784,188,0
1363,20,0
1332,15,0
340,36,0
1760,55,0
1222,19,0
1366,7,0
1635,7,0
1065,10,0
174,25,0
138,66,0
277,3,0
704,10,0
1936,72,0
90,43,0
1616,27,0
138,47,0
52,20,0
1698,45,0
646,23,0
649,16,0
673,76,0
1813,41,0
1753,79,0
909,6,0
856,18,0
1606,6,0
860,42,0
1649,3,0
1514,23,0
1759,38,0
1553,8,0
558,29,0
545,7,0
443,4,0
1867,33,0
1450,24,0
1591,5,0
1479,20,0
24,38,0
420,32,0
1581,34,0
1047,28,0
169,28,0
1201,14,0
775,30,0
1727,4,0
1782,40,0
1712,12,0
537,30,0
1914,31,0
179,18,0
1502,48,0
1785,10,0
911,103,0
605,33,0
533,6,0
1779,206,0
1038,41,0
1753,197,0
1630,40,0
1783,163,0
775,25,0
1955,21,0
1466,17,0
334,42,0
522,8,0
1914,12,0
1318,7,0
1787,98,0
1882,60,0
111,8,0
44,14,0
167,33,0
1760,49,0
408,20,0
1740,31,0
1594,31,0
257,36,0
934,67,0
1009,23,0
260,9,0
1309,28,0
1630,6,0
1118,37,0
1864,45,0
1493,6,0
1855,25,0
391,26,1
1789,149,0
1917,80,0
1883,13,0
1424,9,0
1123,10,0
1134,55,0
1155,41,0
1435,9,0
1607,37,0
1768,27,0
712,14,0
1851,41,0
1926,42,0
1928,36,0
1342,5,0
1570,16,0
156,20,0
72,8,0
308,32,0
1933,67,0
250,16,0
928,16,0
1473,5,1
1452,89,0
1408,23,0
498,37,0
1207,43,0
182,19,0
1899,23,0
1950,6,0
689,26,0
1097,10,0
1748,81,0
661,8,0
1137,5,0
1728,54,0
1186,29,0
832,7,0
519,12,0
1875,86,0
553,11,0
598,7,0
1782,153,0
1682,11,0
184,37,0
1779,128,0
1426,17,0
340,26,0
1955,25,1
1914,41,0
1402,11,0
1095,26,1
1134,88,0
1295,22,0
1206,19,0
73,21,0
1876,54,0
1745,54,0
236,21,0
1703,5,0
294,8,0
1432,15,1
1779,109,0
1644,26,0
1750,16,0
1789,156,0
1693,35,0
1126,30,0
1206,96,0
775,39,0
1105,1,0
1906,18,0
685,34,0
248,48,0
1797,58,1
1662,47,0
1951,6,0
928,26,0
1645,6,0
1480,5,0
734,12,0
1610,27,0
851,19,0
1661,63,1
1452,6,0
1854,17,0
653,27,0
1419,10,0
1579,8,0
1745,85,0
698,33,0
1767,80,0
1095,7,0
465,4,0
21,31,0
469,35,0
887,74,0
1633,5,0
655,21,0
1514,8,0
429,19,0
1322,22,0
1339,9,0
1892,73,0
915,45,0
1934,40,0
212,40,0
1220,20,0
946,5,0
672,4,0
1,15,0
1586,27,0
1599,7,0
1812,29,0
697,24,0
1596,21,0
1752,83,0
1093,20,0
1762,92,0
788,141,0
1741,15,0
228,6,0
1017,11,0
554,9,0
778,37,0
1309,23,0
920,15,0
756,12,0
1785,63,0
454,32,1
1747,54,0
527,28,0
830,16,0
1311,32,0
803,11,0
1122,30,0
1772,4,0
88,28,0
1333,3,0
118,24,0
1691,17,0
39,33,0
789,43,0
1792,51,0
191,25,0
1194,45,0
1062,22,0
1756,42,0
296,13,0
200,30,0
1927,8,0
257,27,0
59,4,0
420,40,0
381,5,0
1312,3,0
1004,24,0
15,15,0
260,41,0
95,54,0
818,41,0
1379,9,0
1444,31,0
1851,44,1
1596,31,0
1618,22,0
1147,12,0
206,28,0
750,4,0
1233,24,0
303,33,0
1875,82,0
1525,8,0
436,35,0
1054,4,0
1813,18,0
330,36,0
394,3,0
537,8,0
1764,177,0
896,15,0
1472,46,0
1892,27,0
1181,27,0
174,47,0
1006,17,0
22,5,0
1341,24,0
402,21,0
1583,10,0
1128,2,0
1662,42,0
1006,19,0
1764,131,0
1907,82,0
1465,17,0
1768,139,0
1690,9,0
872,2,0
480,10,0
745,5,0
1784,112,0
1177,28,0
704,17,0
1119,28,0
1466,28,0
1862,23,0
1907,54,0
747,22,0
1680,29,0
480,6,0
1822,27,0
1004,34,0
76,21,0
382,30,0
1422,7,0
1369,8,0
713,2,0
1134,50,0
1342,31,0
1635,24,0
424,3,0
1286,28,0
1753,58,0
750,22,0
382,16,0
1791,31,0
1623,103,0
1530,32,0
1453,33,0
68,34,0
639,8,0
1758,59,0
269,24,1
46,10,0
746,4,0
573,12,0
568,10,0
1119,33,0
1946,18,0
1849,5,0
823,22,0
1759,39,0
482,3,0
1777,67,0
1824,162,0
1622,58,0
1447,25,0
292,30,0
1772,19,0
121,10,0
576,16,0
1867,92,0
1621,85,0
1659,48,0
575,11,0
808,4,0
254,21,0
934,62,0
1648,20,0
1776,94,0
355,7,0
1848,37,0
841,23,0
1828,37,0
1530,5,0
1206,46,0
1911,22,0
1900,36,0
3,27,0
72,23,0
1466,35,0
648,26,0
742,55,0
1333,8,0
118,25,0
1630,2,0
103,28,0
674,93,0
1009,19,0
1131,15,0
1930,5,0
1773,61,0
803,5,0
1793,44,0
936,36,0
750,23,0
1216,8,0
683,25,0
1118,33,0
674,41,0
1789,139,0
420,7,0
1865,22,0
233,38,0
1546,83,0
8,34,0
572,30,0
1340,7,0
1797,20,0
1380,9,0
1812,26,0
1888,38,0
68,23,0
677,23,0
117,29,0
710,2,0
1939,165,0
86,21,0
446,5,0
1785,61,0
1348,17,0
1864,5,0
1228,41,0
1511,34,0
1753,61,0
1889,17,0
1065,50,0
80,12,0
105,27,0
910,69,0
1873,8,0
1503,20,0
1798,33,0
1796,40,0
1768,93,0
221,45,0
1944,34,0
1657,9,0
1312,1,0
1471,16,0
1906,40,0
172,12,0
748,8,0
1081,9,0
1055,10,0
390,19,0
1171,21,0
763,29,0
1927,99,0
30,4,0
1617,14,0
1958,33,0
312,9,0
1763,35,0
1871,79,0
1947,33,0
503,18,0
1036,36,0
311,4,0
1904,57,0
481,10,1
1218,45,0
1212,11,0
177,25,0
1740,4,0
675,18,0
860,3,0
1826,48,0
1721,7,0
605,37,0
1833,65,0
1197,20,0
499,30,0
1321,15,0
201,12,0
52,13,0
1156,6,0
267,22,0
1382,5,0
1059,53,0
99,7,0
1767,59,0
1767,78,0
169,21,1
1124,24,0
199,55,0
794,4,0
1711,8,0
1783,171,0
1780,84,0
1724,48,0
944,12,0
495,18,0
779,51,0
183,41,0
1546,68,0
1835,64,0
832,34,0
1060,9,0
1017,26,1
1452,24,0
1356,12,0
1509,10,1
1784,118,0
604,69,0
611,5,0
752,27,1
420,19,0
1180,12,0
518,6,0
1530,17,0
1544,21,0
1858,162,0
1495,13,0
1947,39,0
378,21,0
1745,5,0
1422,4,0
1793,132,0
394,19,0
1085,16,0
1753,114,0
1762,134,0
1532,29,0
1034,48,0
1012,19,0
1760,37,0
39,31,0
1764,125,0
1758,116,0
1837,32,0
364,12,0
372,11,0
1163,52,0
1746,60,0
1753,60,0
787,15,0
1957,51,0
1709,70,0
976,23,0
132,20,0
1693,30,0
1126,12,0
1939,132,0
1782,135,0
580,10,0
295,29,0
1780,125,0
731,17,0
1576,42,0
1867,40,0
820,29,0
754,15,0
1466,23,0
735,11,0
836,27,0
1818,91,0
938,17,0
1875,71,0
27,44,0
830,5,0
406,5,0
1916,19,0
1546,27,0
1804,26,0
391,40,0
1771,37,0
672,28,0
1533,33,0
673,45,0
522,26,0
886,50,0
865,37,0
1671,15,0
1954,6,0
1090,18,0
1053,46,0
1775,51,0
1906,12,0
476,21,0
1514,10,0
523,27,0
1620,13,0
610,12,0
40,8,0
1939,20,0
1171,37,0
570,15,0
1949,14,0
22,6,0
887,82,0
1447,2,0
1903,42,0
1914,34,0
1867,43,0
306,24,0
227,25,0
23,20,0
1140,29,0
397,29,0
219,12,0
1318,36,0
682,6,0
856,60,0
1209,22,0
1692,15,0
1362,14,0
41,8,0
736,15,0
1760,5,0
551,2,0
1359,35,0
674,82,0
1063,6,0
813,14,0
551,10,0
1939,152,0
471,25,0
1227,78,0
306,18,0
1870,36,0
1811,16,0
1728,42,0
1655,5,0
442,3,0
357,19,1
1673,11,0
275,16,0
1352,33,0
539,11,0
998,53,0
1961,19,0
1448,19,0
235,22,0
1871,18,0
1193,13,0
1936,67,0
1484,17,0
1871,21,0
1953,14,0
447,5,0
376,19,0
938,42,0
940,60,0
91,44,0
653,56,0
1655,3,0
1884,49,0
1867,30,0
786,51,0
491,10,0
1784,213,0
1032,9,0
1088,5,0
1883,34,0
557,11,0
1528,24,0
1743,27,0
227,13,0
1794,69,0
241,9,0
1583,5,0
197,5,0
1426,24,0
1753,42,0
501,29,0
320,33,0
49,16,0
194,36,0
1296,3,0
1604,31,0
1779,207,0
813,30,0
556,51,0
1235,39,0
88,6,0
1779,136,0
1561,33,0
228,4,0
1763,12,0
1776,141,0
46,6,0
1751,46,0
908,6,0
353,19,0
503,19,0
951,10,0
1309,9,0
1452,35,0
66,4,0
1906,42,0
1595,13,0
730,2,0
1528,16,0
904,33,0
279,3,0
1847,19,0
813,13,0
1471,4,0
1824,38,0
91,6,0
1022,29,0
815,29,0
556,83,0
628,6,0
1906,38,0
53,23,0
1055,4,0
1078,22,0
312,45,0
1771,19,0
1731,30,0
283,38,0
1623,38,0
1412,30,0
16,33,0
177,18,0
1624,32,1
708,42,0
422,9,0
1898,6,0
1775,103,0
9,16,0
1428,21,0
420,26,0
1620,9,0
1154,45,0
1667,14,0
634,6,0
483,19,0
110,21,0
1914,88,0
1915,26,0
924,41,0
763,5,0
1333,30,0
173,7,0
990,15,0
1673,10,0
3,21,0
1824,152,0
1740,63,0
136,16,0
675,56,0
1786,86,0
323,26,0
1762,116,0
180,25,0
560,21,0
1349,25,0
724,13,0
882,8,0
1620,7,0
449,12,0
881,8,0
1748,25,0
490,13,0
1746,9,0
1917,62,0
1161,7,0
943,17,0
1790,24,0
1340,11,0
70,17,0
1823,33,0
1944,41,0
1220,34,0
1316,20,0
871,2,0
1891,21,0
11,35,0
1743,41,0
1791,52,0
1779,188,0
616,18,0
1914,15,0
71,25,0
1411,9,0
1831,9,0
1782,112,1
1229,6,0
1777,37,0
468,21,0
1345,34,0
249,13,0
1364,19,0
744,16,0
1738,52,0
1919,10,0
1033,18,0
1607,19,0
1537,8,0
1905,5,0
1959,23,0
1780,182,0
427,22,0
1641,25,0
259,23,0
1633,14,0
641,18,0
1327,15,0
1861,27,0
1958,28,0
877,22,0
969,26,0
862,18,0
143,29,0
1755,17,0
1856,30,0
817,36,0
831,19,0
157,3,0
1533,5,0
478,33,0
156,15,0
1436,9,0
1206,56,0
1066,19,0
376,17,0
837,4,0
1899,22,0
1033,41,0
476,32,1
961,18,1
718,12,0
143,66,0
1004,39,0
1569,20,0
139,13,0
1789,11,0
1073,6,0
563,16,0
1369,12,0
1425,20,0
1685,27,0
1926,23,1
1357,30,0
1858,181,0
712,28,1
1640,12,0
1428,22,0
1416,25,0
1890,6,0
1832,4,0
1197,5,1
1507,15,0
1334,4,0
1537,13,0
255,30,0
572,37,0
1779,154,0
342,12,0
1809,18,0
819,42,0
1869,2,0
1757,4,0
1779,261,0
1945,35,0
1856,55,0
1758,31,0
1619,57,0
385,24,0
1800,22,0
71,3,0
1425,27,0
448,16,0
236,16,0
998,55,0
1642,16,0
1615,23,0
198,14,0
1833,55,0
1794,25,0
1477,2,0
304,6,0
412,21,0
766,2,0
1677,67,0
1662,30,0
1789,57,0
1010,10,0
534,11,0
846,4,0
666,30,0
868,17,0
756,4,0
1961,22,1
638,35,0
863,34,0
1203,12,0
524,5,0
1058,18,0
1413,18,0
445,4,0
1905,62,0
1154,34,0
829,31,0
1936,69,0
291,19,0
1611,17,0
931,25,0
1299,16,0
1743,45,0
1077,3,0
1747,9,0
232,11,0
198,32,0
1789,67,0
1702,24,0
1906,25,0
1827,33,0
1780,21,0
1883,24,0
881,24,0
1178,3,0
708,3,0
231,49,0
836,22,0
917,34,0
1622,6,0
1353,22,0
154,20,0
87,20,0
824,13,0
1683,14,0
275,30,0
907,27,0
844,4,0
1819,15,0
1612,16,0
1594,3,0
1617,23,0
1903,22,0
910,6,0
1454,8,0
1802,12,0
268,11,0
1095,29,0
1398,19,0
1595,6,0
486,43,0
1928,9,0
836,24,0
188,13,0
1303,11,0
1904,26,0
1472,47,0
237,14,0
1322,14,0
962,22,0
474,34,0
1476,13,0
980,9,0
1320,3,0
627,22,0
1928,30,0
1782,154,0
1322,25,0
1365,9,0
1334,62,0
1845,25,0
348,24,0
1171,31,1
25,14,0
1823,10,0
862,13,0
682,60,0
65,4,0
1723,18,0
924,67,0
1619,75,0
1616,15,0
1495,29,0
1287,14,1
1762,8,0
1365,21,0
1568,8,0
779,41,0
1396,12,0
482,15,0
1740,71,0
1935,25,0
269,11,0
1895,22,0
534,14,0
1097,5,0
1237,41,0
1141,19,0
1960,44,0
829,8,0
1762,52,0
176,17,0
673,77,0
1387,34,0
1714,28,0
343,31,0
1582,17,0
786,48,0
1677,16,0
390,20,0
405,36,0
1410,42,0
1946,72,0
1037,29,0
850,14,0
726,4,0
985,11,0
1514,7,0
977,35,0
1037,20,0
776,19,0
382,40,0
1296,2,0
1710,18,0
5,37,0
994,29,0
1417,21,0
42,12,0
1327,29,0
1502,44,0
682,63,0
1535,4,0
1098,8,0
794,18,0
1430,4,0
1770,35,0
1098,17,0
269,35,0
1665,25,0
1915,45,0
1648,11,0
434,63,0
689,7,0
582,13,0
1153,20,0
1783,33,0
1169,12,0
1183,17,0
1809,63,0
1753,97,0
820,14,0
1406,33,0
1753,191,0
1477,28,0
1824,65,0
586,4,0
1639,18,0
94,37,0
1806,100,0
604,25,0
353,49,0
703,66,0
1789,69,0
632,31,0
397,4,0
1659,18,0
550,34,0
848,12,0
1392,20,0
546,23,0
578,16,0
323,13,0
1329,7,0
1805,5,0
1155,37,0
722,12,0
1010,45,0
1908,36,0
1368,6,0
334,37,0
1622,51,0
608,16,0
1754,22,0
834,35,0
1888,27,0
1019,38,0
1356,30,0
910,49,0
151,19,0
1449,62,0
1878,77,0
364,25,0
385,7,0
1033,32,0
747,17,0
561,38,0
722,19,0
723,28,0
1027,45,0
813,19,0
1884,15,0
118,30,0
1228,42,0
1806,87,0
914,36,0
1442,9,0
300,8,0
663,31,0
764,11,0
1746,85,0
1859,49,0
1827,51,0
161,22,0
793,7,0
674,10,0
852,6,0
847,16,0
182,33,0
910,8,0
502,6,0
729,30,0
529,39,0
1166,12,0
342,4,0
1595,30,0
320,19,0
488,36,0
1774,5,0
1387,23,0
1870,23,0
942,39,0
697,18,0
1782,208,0
143,10,0
336,5,0
807,6,0
712,23,0
1877,17,0
831,18,0
703,48,0
1523,35,0
574,7,0
99,88,0
790,23,0
1140,22,0
1906,44,0
305,12,0
1452,62,0
1081,7,0
1311,11,0
1756,67,0
600,8,0
707,11,0
1871,36,0
703,9,0
1775,66,0
489,22,0
653,6,0
467,17,0
452,7,0
1341,23,0
584,76,0
1773,42,0
430,23,0
1002,3,0
1834,52,0
257,31,0
48,36,0
1756,45,0
934,44,0
1409,10,0
342,10,0
1346,17,0
1804,12,0
1871,67,0
1936,88,0
1590,35,0
1794,103,0
718,5,0
931,21,0
738,8,0
1858,163,0
182,3,0
127,15,0
30,18,0
1551,34,0
356,17,0
684,81,0
1765,85,0
342,41,0
18,12,0
1778,128,0
687,4,0
1854,28,0
636,8,0
1383,13,0
1649,12,0
1354,21,0
882,4,0
677,24,0
72,17,0
194,37,0
1802,22,0
924,42,0
1037,7,0
525,30,0
1133,25,0
1087,7,0
1775,59,0
1730,10,0
1160,19,0
1780,14,0
1358,45,0
1758,51,0
1028,37,0
1664,35,0
896,19,0
537,26,0
1768,108,0
928,5,0
697,33,0
900,16,0
340,16,0
213,44,0
1914,47,0
1824,74,0
675,64,0
568,14,0
1767,96,0
50,6,0
53,9,0
1902,38,0
1681,38,0
1121,6,0
1820,54,0
109,32,0
613,31,0
389,8,0
1747,23,0
805,10,0
644,11,0
1615,9,0
1606,19,0
1368,18,0
446,20,0
844,37,0
1221,11,0
1894,26,0
18,33,0
10,16,0
257,7,0
1230,21,0
1810,43,0
1602,24,0
1753,213,0
1826,44,0
1711,4,0
1779,113,0
1836,5,0
1616,9,0
1927,30,0
1557,9,0
1777,70,1
591,44,0
179,7,0
938,45,0
963,31,0
1785,76,0
766,1,0
583,12,0
1017,23,0
1902,10,0
886,45,0
68,52,0
1145,40,0
784,19,0
1657,35,0
1449,88,0
83,19,0
1009,17,0
1824,101,0
1781,139,0
1787,40,0
603,84,0
1896,3,0
1334,50,0
1351,16,0
1609,23,0
231,18,0
1754,8,0
1856,17,0
1837,5,0
65,13,0
1768,22,0
354,22,0
896,24,0
1845,41,0
147,14,0
33,13,0
1680,22,0
912,9,0
1206,147,0
1753,204,0
1630,36,0
1746,165,0
570,37,0
122,3,0
1008,17,0
1832,30,0
1,11,0
488,19,0
204,26,0
1843,8,0
31,12,0
1833,70,0
311,17,0
1871,50,0
754,17,0
1443,20,0
1391,27,0
1021,20,0
199,54,0
530,12,0
1775,50,0
1883,28,0
1713,9,0
1600,49,0
740,9,0
1780,138,0
729,18,0
743,28,0
1781,94,0
607,3,0
677,15,0
257,26,0
1108,13,0
1369,19,0
1542,11,0
736,3,1
1798,30,0
5,30,0
1365,15,0
742,25,0
782,10,0
144,12,0
1796,39,0
1152,18,0
1365,20,0
333,2,0
848,9,0
1905,16,0
1546,65,0
1747,49,0
243,4,0
1782,241,0
1095,31,0
1008,23,0
1029,13,0
1905,40,0
160,42,0
1937,34,0
907,23,0
1582,8,0
1764,20,0
440,6,0
1794,245,0
1055,16,0
1789,92,0
344,6,0
717,6,0
726,3,0
1764,43,0
1664,23,0
1950,50,0
329,11,0
654,30,0
436,53,0
646,39,0
802,11,0
509,16,0
506,18,0
412,9,0
1209,24,0
752,2,0
1822,9,0
420,4,0
1794,54,0
1087,6,0
1538,16,0
703,8,0
70,14,0
1782,189,0
1835,52,0
603,55,0
1803,43,0
1787,14,0
1765,134,0
128,28,0
469,26,0
1893,8,0
1118,16,0
1017,7,0
1150,27,0
1777,13,0
1922,20,0
1206,120,0
1693,50,0
1208,19,0
1618,38,0
936,9,0
1808,20,0
1891,41,0
902,23,0
1745,4,0
978,31,0
1714,14,0
229,7,0
999,55,0
1537,6,0
1869,39,0
866,17,0
1905,30,0
1735,50,0
260,14,0
1895,24,0
811,48,0
1373,22,0
734,26,0
1359,41,0
1789,157,0
1374,18,0
357,9,0
1749,36,0
1412,19,0
1748,71,0
749,4,0
299,17,0
1459,21,0
1587,9,0
1892,28,0
573,47,0
1940,29,0
742,65,0
1892,31,0
1741,19,0
789,30,0
1395,19,0
994,48,0
1789,23,0
781,23,0
416,49,0
1838,20,0
923,7,0
60,18,0
1738,39,0
1888,10,0
1053,58,0
22,28,0
1217,16,0
438,51,0
1207,30,0
1478,19,0
943,34,0
675,20,0
926,22,0
1762,22,0
1946,60,0
1883,10,0
688,7,0
169,24,0
727,15,0
1901,7,0
45,26,0
20,10,0
1206,5,0
1874,11,0
1765,51,0
272,12,0
636,3,0
505,23,0
1356,26,0
1753,231,0
1928,21,0
1168,35,0
88,27,0
1762,31,0
1794,160,0
539,36,0
713,13,1
836,1,0
359,25,0
863,39,0
1894,6,0
278,13,0
848,19,0
37,36,0
188,41,0
1146,3,0
532,6,1
1751,111,0
1360,20,0
1177,18,0
1746,36,0
1327,19,0
1343,26,0
1163,26,0
1564,1,0
583,2,0
1464,7,0
82,13,0
1417,25,0
1326,7,0
426,47,0
1066,21,0
1855,28,0
1206,75,0
1745,9,0
1001,10,0
1661,25,0
1889,34,0
982,31,0
1154,44,0
1897,33,0
1909,15,0
1780,162,0
95,19,0
195,49,0
1561,15,0
1626,21,0
205,9,0
847,14,0
1951,14,0
1728,56,0
961,4,0
210,21,0
1331,41,0
363,13,0
1784,48,0
999,77,0
324,15,0
653,33,0
1806,34,0
1206,7,0
16,3,0
1709,67,0
1791,53,0
1840,43,0
1740,26,0
865,45,0
1111,6,1
839,12,0
1858,123,0
779,105,0
196,11,0
657,16,0
1136,58,0
1503,19,0
410,3,0
619,4,0
0,20,0
546,26,0
1741,8,0
1865,32,0
385,21,0
1827,17,0
1695,86,0
1528,5,0
1011,38,0
876,11,0
1860,16,0
1764,175,0
571,6,0
629,21,0
522,19,0
1119,32,0
683,53,0
1748,61,0
780,87,0
1777,45,0
1321,37,0
998,32,0
1000,37,0
807,14,0
1,17,1
1059,5,0
863,48,0
1792,106,0
1546,25,0
561,31,0
1362,13,0
469,25,0
1795,31,0
930,17,0
1799,33,0
1407,31,0
1784,237,0
353,21,0
1047,75,0
1850,10,0
1687,12,0
55,24,0
391,38,0
1644,35,0
1206,27,0
151,20,0
1928,31,0
752,20,0
726,16,0
68,28,0
940,32,0
1754,47,0
786,3,0
909,21,0
1451,46,0
751,20,0
385,11,0
100,27,0
1582,64,0
473,37,0
425,7,0
1747,27,0
481,9,0
1677,81,0
787,51,0
1777,38,1
1321,59,0
536,7,0
708,4,0
831,16,0
1949,17,0
697,19,0
1087,11,0
1375,18,0
1805,13,0
1407,21,0
1133,4,0
1743,13,0
1725,25,0
1905,53,0
78,11,0
749,19,0
892,18,0
254,12,0
1856,66,0
1839,41,0
1651,15,0
49,17,0
48,3,0
750,26,0
1620,8,0
369,18,0
1155,44,0
622,16,0
760,33,0
1836,20,0
1927,16,0
1554,20,0
1202,6,0
490,15,0
655,33,0
1840,17,0
754,16,0
882,60,0
1680,36,0
1510,7,0
241,28,0
1454,34,0
635,15,0
664,8,0
1856,54,0
71,8,0
221,27,0
603,21,0
287,43,0
1057,20,0
1921,14,0
99,52,0
1793,84,0
1862,8,0
1033,61,0
1024,27,0
682,30,0
1945,8,0
1723,22,0
1617,39,0
1642,5,0
675,28,0
590,20,0
862,12,0
444,19,0
995,43,0
1923,14,0
1790,62,0
1892,37,0
1077,6,0
440,35,0
1218,49,0
1780,146,0
811,38,0
32,28,0
1344,15,0
328,28,0
439,18,0
468,29,0
22,16,0
605,13,0
1731,64,0
1628,25,0
732,12,0
1416,32,0
1248,3,0
425,12,0
1896,22,0
604,43,0
1945,20,0
1328,8,0
642,35,0
1927,3,0
350,3,0
1623,60,0
1824,46,0
1818,3,0
1669,4,0
1800,31,0
1801,9,0
665,60,0
1850,19,0
106,12,0
1796,35,0
1206,146,0
1860,10,0
719,6,1
1864,129,0
1451,4,0
760,22,0
1580,6,0
1776,157,0
1360,26,0
1860,23,0
1753,113,0
143,88,0
1678,18,0
1631,6,0
208,15,0
573,19,0
1934,63,0
1774,29,0
979,42,0
856,35,0
618,20,0
1112,13,0
1310,3,0
1667,38,0
604,33,0
785,29,0
1028,39,0
1935,15,0
1442,10,0
1090,9,0
546,75,0
522,9,0
1701,23,0
1467,4,0
503,8,0
1391,4,0
1778,77,0
1207,38,0
1771,7,0
883,31,0
1733,36,0
1913,52,0
1640,16,0
1760,3,0
1667,45,0
444,45,0
1923,17,0
1149,18,0
1824,32,0
145,22,0
1949,18,0
478,5,0
429,29,0
578,15,0
751,3,0
753,10,0
856,19,0
294,30,0
84,16,0
1818,92,0
1399,7,0
1862,34,0
508,41,0
525,36,0
552,23,0
488,23,0
968,37,0
275,11,0
1383,18,0
1758,22,0
26,23,0
713,26,0
1817,56,0
1775,89,0
1709,64,0
1470,27,0
1917,5,0
1960,37,0
1858,8,0
1824,56,0
1405,11,0
1600,50,0
342,45,0
1824,24,0
772,14,0
1772,31,0
1536,15,0
1859,20,0
1775,41,0
443,24,0
1773,6,0
179,34,0
1426,42,0
781,19,0
1924,51,0
1412,28,0
1649,4,0
1401,4,0
1782,246,0
1412,9,0
1029,31,0
99,86,0
118,20,0
561,39,0
1793,7,0
330,3,0
148,6,0
1678,30,0
1664,44,1
1196,5,0
68,50,0
432,26,0
90,36,0
177,3,0
1867,46,0
1880,30,0
80,11,0
1484,35,0
844,49,0
743,20,0
1618,55,0
1233,19,0
1771,147,0
1315,24,0
1394,45,0
1040,21,1
55,11,0
1494,11,0
1780,132,0
908,9,0
1892,63,0
977,31,0
1854,34,0
93,19,0
1935,49,0
1031,28,0
290,43,0
1728,62,0
343,57,0
1679,27,0
957,6,0
1365,23,0
587,8,0
1514,11,0
1434,22,0
15,17,0
1849,38,0
1293,48,0
497,6,0
677,25,1
1390,30,0
405,32,0
1735,9,0
1806,109,0
1121,14,0
955,56,0
775,12,0
1912,33,0
1327,6,0
1227,65,0
1450,52,0
1449,35,0
1913,31,0
1470,16,0
1161,19,0
1728,17,0
205,43,0
1782,143,0
1633,12,0
780,86,0
1792,119,0
1067,18,0
1599,9,0
1787,27,0
923,2,0
676,61,0
788,60,0
1119,56,0
77,28,0
931,18,0
1796,23,0
574,4,0
1077,8,0
1395,49,0
3,10,1
1773,55,0
1165,17,0
1929,13,0
1338,8,0
1505,13,0
563,7,0
118,5,0
477,6,0
1010,54,0
837,19,0
778,22,0
1471,3,0
982,33,0
1951,15,0
1136,54,0
710,15,0
556,81,0
416,19,0
986,6,0
112,36,0
1375,15,0
1905,22,0
788,55,0
1392,15,0
766,11,0
1216,71,0
306,8,0
1902,13,0
389,32,0
1895,41,0
496,25,0
1525,6,0
1908,37,0
474,26,0
1864,4,0
1020,15,0
823,23,0
1768,125,0
707,14,0
554,5,0
1355,16,0
1929,47,0
1616,37,0
757,14,0
452,5,0
529,8,0
1824,55,0
1781,117,0
1772,76,0
1940,6,0
1758,7,0
1779,135,0
1629,21,0
1823,53,0
1865,46,0
1220,15,0
1933,54,0
1794,48,0
1520,8,0
1166,4,0
1317,15,0
743,6,0
1773,8,0
594,19,0
697,37,0
1348,20,0
1789,78,0
1896,17,0
1072,27,0
845,10,0
1776,146,0
150,3,0
1858,190,0
1022,25,0
704,13,0
1134,53,0
1404,6,0
129,7,0
1305,11,0
1725,26,0
1781,96,0
1768,105,0
1771,40,0
1019,40,0
481,23,0
1783,116,0
776,35,0
93,29,0
525,9,0
174,41,0
1095,30,0
1957,26,0
366,35,0
1028,67,0
134,53,0
787,65,0
281,26,0
1705,22,0
785,54,0
1425,21,0
1633,37,0
885,9,0
1760,50,0
508,38,0
184,25,0
1067,19,0
674,50,0
1927,77,0
904,55,0
995,47,0
1033,6,0
429,23,0
1760,25,0
1452,57,0
638,30,0
778,21,0
409,17,0
1936,35,0
1939,52,0
130,31,0
1935,3,0
81,38,0
1795,53,0
1908,55,0
1893,24,0
1718,38,0
1728,77,0
1850,5,0
1350,6,0
110,8,0
1620,22,0
917,23,0
1779,63,0
1725,5,0
600,39,0
572,36,0
1039,71,0
1492,37,0
484,14,0
20,25,0
462,3,0
306,26,0
1018,4,0
157,12,0
240,25,0
1738,89,0
1710,12,0
1919,46,0
1779,205,0
786,4,0
1216,24,0
1962,36,0
575,25,0
1136,50,0
90,57,0
120,12,0
1792,21,0
1051,13,0
1034,10,0
1288,18,0
903,19,0
1216,74,0
1832,16,0
1806,31,0
1444,5,0
1664,38,0
1695,4,0
1555,49,0
1308,2,0
1864,91,0
1784,230,0
840,6,0
439,24,0
1287,9,0
1753,167,0
1136,25,0
1403,4,0
956,11,0
1067,7,0
856,39,0
1701,22,0
844,5,0
1762,133,0
1135,35,0
1207,106,0
1200,41,0
1696,8,0
378,12,0
1931,51,0
762,5,1
1404,31,0
1764,167,0
67,20,0
1452,13,0
69,11,0
1230,12,0
145,10,0
1833,75,0
1658,4,0
1858,124,0
1789,80,0
1692,21,0
1784,232,1
1959,7,0
1750,38,0
1936,73,0
1597,20,0
118,6,0
1093,1,0
68,51,0
1830,10,0
1854,40,0
1789,14,0
473,14,0
1530,34,0
762,17,0
758,6,0
844,22,0
893,31,0
161,26,0
599,3,0
1728,57,0
1016,15,0
305,25,0
425,4,0
528,18,0
1228,28,0
1853,58,0
854,19,0
1794,26,0
1343,9,0
1145,32,0
1874,6,0
1923,21,0
54,6,0
311,16,0
1682,5,0
1527,32,0
1753,124,0
1434,16,0
529,22,0
1824,111,0
1858,161,0
698,36,0
1546,98,0
810,37,0
45,30,0
889,16,0
260,5,0
1367,4,0
1782,47,0
1775,53,0
374,10,0
679,9,0
1865,80,0
1018,2,1
1930,4,0
1725,7,0
191,13,0
1798,18,0
1550,8,0
1502,87,0
1390,37,0
785,30,0
1680,61,0
955,47,0
848,2,0
819,9,0
1751,16,0
1764,52,0
1030,4,0
1760,51,0
698,12,0
361,19,0
1691,13,0
1789,65,0
555,13,0
854,48,0
1816,9,0
743,27,0
99,53,0
454,21,0
1778,13,0
1666,9,1
882,72,0
41,10,0
366,31,0
730,5,1
1328,13,0
1907,86,0
1503,10,0
769,20,0
1133,14,0
1736,5,0
1833,18,0
1091,18,0
313,10,0
1138,16,0
865,12,0
655,39,0
778,53,0
1722,12,0
1774,10,0
1769,56,0
1688,34,0
153,10,0
1796,45,0
1612,11,0
1514,13,0
366,23,0
1748,57,0
1799,12,0
1064,14,0
1528,28,0
1600,23,0
202,13,0
1117,8,0
406,7,0
1676,10,0
1857,8,0
1033,48,0
815,24,0
1207,9,0
19,9,0
1336,6,1
442,12,0
643,54,0
931,12,0
55,23,0
1659,23,0
19,18,0
1694,23,0
640,2,0
1144,27,0
1830,16,0
658,25,0
1590,6,0
555,31,0
1765,108,0
1334,54,0
1408,31,0
996,4,0
210,34,0
131,35,0
553,4,0
1878,63,0
1794,181,0
1497,22,0
1649,19,0
1792,5,0
1702,25,0
525,27,0
860,45,0
1396,6,0
1142,16,0
1794,18,0
1864,92,0
1395,52,0
687,11,1
1603,12,0
1551,25,0
1837,18,0
90,47,0
1823,41,0
124,48,0
366,22,0
1895,16,0
1753,236,0
1756,44,0
1689,21,0
1663,6,1
809,15,0
1728,1,0
265,8,0
1878,81,0
1781,47,0
495,9,0
416,37,0
1422,3,0
824,16,0
1662,18,0
508,19,0
886,51,0
1804,7,0
1894,4,0
560,17,0
1858,25,0
1133,12,0
646,35,0
760,17,0
1883,23,0
1790,57,0
896,18,0
383,5,0
818,32,0
1307,4,0
1455,5,0
1208,8,0
779,63,0
1618,43,0
415,32,0
1513,27,0
1857,29,0
1939,142,0
1484,18,0
260,30,0
591,41,0
774,11,0
1886,43,0
1945,13,0
306,15,0
1136,13,0
769,15,1
42,23,0
281,16,0
1612,38,0
288,25,0
525,37,0
1683,22,0
273,21,0
262,29,0
1764,41,0
261,18,0
1758,29,0
237,25,0
1609,21,0
741,5,0
1917,123,0
940,49,0
737,10,0
420,50,0
1780,168,1
139,11,0
354,37,0
703,5,0
252,22,0
436,28,0
336,31,0
681,33,0
1950,80,0
1527,39,0
1794,247,0
812,32,0
979,4,0
45,24,0
886,3,0
229,32,0
1513,9,0
1931,52,0
648,14,0
1019,17,0
1919,3,0
1934,32,0
1684,17,1
178,35,1
1858,193,0
1712,10,0
1206,67,0
1620,15,0
681,28,0
104,14,0
676,26,0
820,33,0
441,21,0
211,12,0
744,18,0
1905,64,0
1929,25,0
745,34,0
676,67,0
1858,92,0
412,25,0
229,38,0
242,9,0
1022,19,0
655,8,0
555,32,0
1457,20,0
1824,158,0
1492,29,0
691,37,0
1632,17,1
761,16,0
1634,34,0
867,12,0
1119,47,0
1348,27,0
1623,32,0
1000,14,0
1835,15,0
1776,90,0
1062,20,0
1903,43,0
1116,7,0
1287,15,0
1903,20,0
679,18,0
691,13,1
177,17,0
1773,35,0
62,6,0
1764,64,0
1728,5,0
1765,97,0
1661,20,0
1800,43,0
212,34,0
1779,170,0
272,14,0
1753,11,0
884,14,0
240,10,0
1600,40,0
1648,10,0
71,33,0
1771,57,0
1858,32,0
887,19,0
906,21,0
1823,64,0
1640,25,0
105,20,0
1134,32,0
1431,27,0
742,48,0
1586,24,0
1492,43,0
787,5,0
1867,143,0
1874,20,0
1447,10,0
834,47,0
1859,65,0
888,38,0
1808,59,0
1961,61,0
1230,14,0
1865,36,0
1382,12,0
49,19,0
1865,19,0
1537,5,0
1023,38,0
360,5,0
1608,16,0
1929,29,0
1852,10,0
536,12,0
1064,22,0
943,27,0
1523,25,0
1782,86,0
241,37,0
591,20,0
1927,14,0
500,10,0
1047,83,0
1342,20,0
1942,32,0
295,10,0
1753,102,1
1882,32,0
697,9,0
999,43,0
878,13,0
305,16,0
1833,28,0
822,4,0
1207,25,0
1798,36,0
1941,25,0
384,15,0
1489,2,0
1158,8,0
1745,110,0
836,25,0
1897,29,0
401,9,0
197,13,0
1831,16,0
924,37,0
19,24,0
1714,6,0
1790,84,0
1926,34,0
131,8,0
1426,29,0
1892,8,0
1792,160,0
1796,31,0
471,9,0
1782,20,0
735,31,0
1922,52,0
691,19,1
529,37,0
84,23,0
708,47,0
430,39,0
1600,18,0
1616,24,0
555,48,0
1783,35,0
1554,43,0
1884,46,0
949,18,0
1905,133,0
1775,9,0
931,11,0
1782,44,0
1823,49,0
1774,16,0
1858,202,0
1745,111,0
1037,10,0
1036,41,0
1958,38,0
1121,11,0
893,4,0
1425,23,0
1417,6,0
1901,16,0
451,34,0
1523,26,0
1327,26,0
51,8,0
683,28,0
1196,3,0
627,24,0
240,17,0
1779,16,0
157,8,0
1786,65,0
655,16,0
1357,27,0
1216,9,0
1841,19,0
1844,26,0
217,25,0
550,41,0
1776,116,0
613,29,0
1735,62,0
361,33,0
448,28,0
780,49,0
484,11,0
240,37,0
856,59,0
780,98,0
91,42,0
1,28,0
888,31,0
861,30,0
1935,20,0
127,35,0
1878,60,0
1792,8,0
714,33,0
1778,25,0
188,39,0
57,11,0
1265,3,0
1713,11,0
742,4,0
1747,6,0
1779,256,0
62,22,0
1595,7,0
4,8,0
1823,69,0
1922,17,0
382,3,0
1782,4,0
1373,17,0
976,13,0
1402,45,0
1453,26,0
777,18,0
1297,35,0
748,6,0
1931,46,0
60,22,0
313,14,0
225,27,0
417,4,0
1787,108,0
1196,10,0
434,36,0
1494,2,0
597,38,0
1299,13,0
665,19,1
1286,35,0
904,14,0
1381,18,0
1338,3,0
1547,23,0
75,20,0
1765,32,0
1730,8,0
131,45,0
833,52,0
114,33,0
1803,27,0
683,6,0
395,12,0
1594,42,0
1638,43,0
76,20,0
1054,7,0
683,63,0
1906,67,0
527,4,0
1781,28,0
1865,37,0
1429,19,0
928,49,0
1228,27,0
1209,27,0
931,7,0
1777,93,0
225,13,0
1834,22,0
256,16,0
888,33,0
768,16,0
619,34,0
1197,6,0
482,39,0
1334,7,0
848,3,0
1740,62,0
606,11,0
683,10,0
264,21,0
414,24,0
801,27,0
1910,19,0
777,9,0
1749,27,0
1578,7,0
389,42,0
421,10,0
205,18,0
1132,16,0
1011,39,0
1078,44,0
1923,4,0
297,6,0
191,14,0
788,134,0
1622,61,0
1607,21,0
866,52,0
1157,19,0
168,18,0
1926,9,0
1698,20,0
167,18,0
592,3,0
1794,263,0
1709,24,0
1920,35,0
532,5,0
586,27,0
1153,4,0
1519,8,0
1447,39,0
312,4,0
1367,15,0
526,27,0
351,20,0
1845,23,0
1497,14,0
451,31,0
575,22,0
1885,29,0
729,3,0
405,25,0
1469,17,0
1219,6,0
1779,50,0
1413,27,0
1928,37,0
597,13,0
188,20,0
56,16,0
575,16,0
684,58,0
882,29,0
156,11,0
572,14,0
1509,2,0
1821,48,0
1589,41,0
1628,22,0
1155,51,0
1868,65,0
1629,25,0
995,13,0
1858,144,0
1437,16,0
1961,91,0
1865,54,0
1825,21,0
1939,166,0
115,35,0
1478,22,0
691,44,0
1752,76,0
525,44,0
294,13,0
1747,37,0
84,22,0
1858,77,0
15,14,0
933,43,0
1861,44,0
887,4,0
681,27,0
1771,36,0
1644,9,0
1033,38,0
1821,13,0
754,11,0
1780,177,0
1744,11,0
1576,33,0
462,4,0
486,3,0
75,8,0
1753,93,0
1844,19,0
1517,23,0
1010,47,0
1794,115,0
443,3,0
1860,15,0
185,19,0
1638,29,0
603,88,0
1349,19,0
1767,87,0
67,12,0
541,5,0
516,21,0
120,13,0
385,10,0
1143,7,0
882,74,0
409,18,0
1913,11,0
784,9,0
276,6,0
1004,25,0
682,41,0
1858,28,0
248,49,0
888,46,0
48,35,0
1395,13,0
1876,44,0
852,4,0
1738,80,0
17,20,0
1549,27,1
1824,102,0
812,52,0
1009,18,0
1033,45,0
70,12,0
896,44,0
726,5,0
1619,37,0
763,24,0
1300,6,0
91,39,0
1781,98,0
935,33,0
1946,63,0
1341,3,0
448,20,0
953,6,0
421,11,0
121,9,0
710,17,0
1794,237,0
1384,28,0
168,19,0
1453,19,0
805,19,0
1566,25,0
906,22,0
1533,16,0
1206,171,0
1783,151,0
1802,24,1
242,13,0
603,85,0
1207,93,0
812,44,0
1612,30,0
50,18,0
1841,15,0
1298,2,0
248,10,0
1794,31,0
888,32,0
1762,131,0
342,23,0
1328,16,0
166,41,0
1598,4,0
761,22,0
1919,4,0
1303,18,0
1745,118,0
1740,79,0
412,36,0
1840,21,0
1781,29,0
277,5,0
1782,167,0
211,29,0
186,21,0
434,26,0
347,28,0
1915,88,0
1745,106,0
909,7,0
383,12,0
1946,19,0
1021,26,0
739,14,0
716,2,0
1812,28,0
1787,86,0
1829,7,0
1685,10,0
683,3,0
1856,56,0
1905,60,0
1209,10,0
1944,46,0
1837,16,0
655,22,0
1872,33,0
1760,29,0
1388,33,0
31,8,0
437,9,0
1434,32,0
484,12,1
851,11,0
503,20,0
742,28,0
1783,68,0
1360,4,1
1641,32,0
1861,34,0
1771,20,0
473,22,0
88,11,0
1432,22,0
1128,21,0
1948,17,0
82,16,0
1303,15,0
69,4,0
1746,166,0
1929,26,0
1935,35,0
354,43,0
854,20,0
850,7,0
1782,232,0
50,21,0
956,24,0
1896,96,0
973,2,0
1396,10,0
1765,73,0
1033,40,0
162,37,0
1748,54,0
1170,1,0
856,71,0
1834,47,0
1757,37,0
1367,22,0
1775,64,0
1405,22,0
1683,32,0
1753,253,0
180,29,0
330,24,0
1502,54,0
131,53,0
1397,27,0
730,14,0
1749,29,0
1851,13,0
1848,54,0
1630,16,0
887,6,0
780,101,0
789,10,0
811,37,0
289,8,0
1065,48,0
708,15,0
818,22,0
1226,26,0
1062,45,0
508,10,0
1824,120,0
188,40,0
1758,60,0
667,33,0
1822,16,0
748,11,0
1855,5,0
45,11,0
1665,38,0
1779,147,0
1220,7,0
496,21,0
653,52,0
1028,68,0
525,21,0
1796,13,0
1167,19,0
163,13,0
775,57,0
408,27,0
1022,20,0
841,22,0
584,53,0
788,138,0
1884,42,0
1916,65,0
916,21,0
1309,35,0
1777,52,0
1781,15,0
1652,7,0
1613,1,0
541,15,0
1855,56,0
1744,37,0
482,21,0
1032,35,0
646,24,0
156,31,0
1781,115,0
275,44,0
1224,8,0
1859,34,0
743,4,0
4,7,0
1449,34,0
1159,57,0
1077,13,0
1704,3,0
1797,46,0
87,28,0
131,52,0
308,13,0
1320,13,0
936,33,0
997,28,0
1065,7,0
513,16,0
1877,48,0
760,23,0
1791,41,0
1753,211,0
534,16,0
1911,70,0
958,12,0
1765,5,0
1740,66,0
1792,25,0
546,82,0
1929,12,0
257,4,0
1144,32,0
1671,16,0
1574,23,0
990,5,0
1056,12,0
440,27,0
527,49,0
452,22,0
290,7,0
926,12,0
933,38,0
293,49,0
1908,49,0
26,4,0
638,27,0
246,9,0
847,3,0
1206,47,0
1787,73,0
1566,43,0
955,46,0
1789,115,0
1715,13,0
110,22,0
1785,8,0
393,13,0
841,33,0
1134,30,0
1802,48,0
1757,5,0
882,41,0
1367,27,0
1746,22,0
654,22,0
1659,16,0
1767,68,0
1591,9,0
641,17,0
651,11,0
780,53,0
1935,48,0
1013,19,0
1163,46,0
561,4,0
1786,90,0
42,37,0
1202,5,0
1007,24,0
1750,28,0
246,10,0
702,10,0
788,160,0
21,6,0
1340,10,0
1462,28,0
1157,10,0
1734,11,0
196,41,0
1450,58,0
1397,43,0
334,25,0
1599,6,0
1547,48,0
1292,25,0
1372,11,0
1000,41,0
752,38,0
1955,31,0
1078,6,0
231,15,0
110,18,0
1688,26,0
1052,5,0
881,18,0
95,18,0
1934,31,0
1936,20,0
643,50,0
1776,147,0
1380,10,0
1875,30,0
72,37,0
1163,19,0
1858,114,0
498,24,0
731,13,0
1311,17,0
778,40,0
1925,76,0
636,9,0
911,79,0
432,13,0
1026,14,0
1122,35,0
1882,22,0
1725,6,0
1171,10,0
1950,66,0
646,11,1
1559,23,0
1421,14,0
1616,41,0
546,41,0
1753,201,0
307,4,0
1155,56,0
1945,5,0
1781,21,0
674,27,0
1891,20,0
688,24,0
788,164,0
1667,9,0
1925,40,0
527,16,0
985,10,0
1149,7,0
1621,26,0
604,76,0
1762,23,0
1915,31,0
785,36,0
158,30,0
1078,11,0
556,84,0
712,2,0
1746,50,0
306,27,0
996,45,0
1881,28,0
534,13,0
1957,25,0
1133,13,0
1845,22,0
940,22,0
237,18,0
353,12,0
147,29,0
1756,14,0
597,16,0
1102,3,0
1795,56,0
1383,26,0
811,29,0
613,81,0
426,21,0
1849,24,0
123,13,0
1629,17,0
999,76,0
1206,29,0
1645,19,0
1633,9,0
1760,46,0
1456,27,0
389,46,0
752,31,0
673,46,0
789,24,0
924,26,0
745,24,0
1927,12,0
1118,26,0
1063,7,0
306,7,0
638,31,0
49,24,0
1516,21,0
1818,106,0
887,11,0
1118,13,0
1056,21,0
1093,2,0
702,5,0
1826,14,0
1108,15,0
1695,54,0
1615,2,0
1778,46,0
1579,23,0
1934,9,0
44,7,0
134,54,0
1940,45,0
1914,77,0
1744,5,0
24,35,0
811,43,0
8,5,0
884,23,0
775,64,0
1547,52,0
1813,40,0
1907,85,0
370,8,0
979,67,0
1789,165,0
549,17,0
1616,12,0
1881,30,0
330,17,0
266,11,0
820,20,0
1961,62,0
933,44,0
1811,11,0
599,36,0
1725,28,0
1312,6,0
1673,14,0
1434,18,0
1701,20,0
1696,17,0
673,14,0
1657,7,0
1623,55,0
663,15,0
291,13,0
1824,17,0
184,35,0
1784,158,0
1777,68,0
1390,9,0
1917,135,0
1886,17,0
412,13,0
143,39,0
96,10,0
899,8,0
305,13,1
779,52,0
1876,51,0
529,23,0
741,3,0
544,49,0
1471,8,0
1794,255,0
1404,11,0
743,5,0
370,13,0
278,31,0
788,153,0
305,7,0
1134,74,0
1427,23,1
1358,46,0
750,31,0
665,3,0
745,30,0
1765,110,0
1862,55,0
244,14,0
83,5,0
60,14,0
394,23,1
772,33,0
1932,48,0
1905,51,0
1816,6,0
1903,3,0
1727,5,0
1229,5,0
1762,143,0
1906,39,0
4,10,0
1134,23,0
856,49,0
832,56,0
613,27,0
673,101,0
988,4,0
178,30,0
1851,16,0
1682,23,0
322,13,0
866,16,0
1636,6,0
742,53,0
1355,27,0
154,22,0
1680,19,0
12,11,0
866,5,1
718,9,0
1833,54,0
1821,11,0
697,11,0
1665,42,0
1106,1,0
737,4,0
30,14,0
1629,15,0
156,9,0
570,29,0
669,10,0
1769,11,0
519,13,0
1021,16,0
525,5,0
1207,44,0
372,9,0
1767,166,0
1366,13,0
851,4,0
1530,20,0
623,11,0
1339,20,0
932,20,0
1944,26,0
1932,12,0
739,3,0
1825,9,0
1736,8,0
833,55,0
1518,16,0
824,12,0
832,88,0
1846,81,0
418,14,0
288,12,1
1735,16,0
1787,102,0
720,5,0
743,14,0
1853,31,0
928,57,0
1856,27,0
1875,83,0
198,33,0
1778,17,1
1230,9,0
120,14,0
522,6,0
530,23,0
169,25,0
691,60,0
193,22,0
1793,52,0
564,18,0
1299,15,0
104,13,0
1613,3,0
1168,29,1
1926,38,0
227,33,0
1327,9,0
277,4,0
673,24,0
1534,44,0
1705,18,0
390,13,0
1630,38,0
1780,19,0
931,4,0
1835,18,0
419,12,0
1780,167,0
735,4,0
1885,20,0
471,35,0
1601,7,0
1791,54,0
1755,15,0
1009,16,0
491,4,0
236,20,0
1628,19,1
1724,19,0
1790,82,0
538,6,0
1780,210,0
1915,90,0
1693,19,0
1637,9,0
1905,41,0
1779,56,0
1377,6,0
1770,46,0
1789,29,0
1293,50,0
1917,157,0
625,5,0
1664,5,0
1587,20,0
336,50,0
1885,37,0
1008,25,0
313,5,0
865,39,0
1872,17,0
829,34,0
770,9,0
1449,68,0
982,15,0
430,36,0
1955,6,0
1880,55,0
273,4,1
1661,66,0
1201,25,0
1760,21,0
1816,18,0
1864,73,0
1831,27,0
365,5,0
1421,10,0
1288,17,0
545,3,0
1749,37,0
505,43,0
1793,69,0
1834,41,1
118,29,0
472,36,0
163,4,0
1896,43,0
331,3,0
965,15,0
1853,49,0
780,39,0
1748,40,0
1328,12,0
685,6,0
1589,30,0
1768,102,0
1765,103,0
470,26,0
397,35,0
1480,26,0
1119,70,0
1469,8,0
675,42,0
1696,2,0
1237,18,0
382,20,0
1822,19,0
1229,9,0
731,21,0
479,24,0
1502,10,0
1868,42,0
1019,32,0
254,13,0
1746,139,0
229,6,0
867,60,0
1030,47,0
1134,33,0
876,31,0
1797,14,0
1404,12,0
47,19,0
812,18,0
1889,38,0
1754,39,0
1630,31,0
143,24,0
1779,18,0
1432,19,0
748,17,0
1160,12,0
635,40,0
1780,71,0
228,11,0
1789,93,0
1332,38,0
866,19,0
1447,34,0
1161,26,0
1806,40,0
448,3,0
1618,28,0
491,3,0
1146,19,0
703,45,0
605,35,0
900,13,0
194,21,0
764,17,0
1744,2,0
529,45,0
1662,29,0
1872,4,0
336,6,0
1131,16,0
922,29,0
198,42,0
1447,15,0
481,6,0
1119,43,0
1939,154,0
1782,49,0
1912,51,0
1871,62,0
1781,19,0
1882,50,0
1622,28,0
1795,17,0
578,5,0
1587,11,0
1148,3,0
1787,70,0
780,71,0
303,32,0
366,4,0
164,29,0
1743,56,0
882,23,0
1803,44,0
1019,16,0
1294,9,0
1195,69,0
1075,9,0
489,19,0
536,3,0
444,9,0
700,35,0
399,31,0
333,16,0
1159,3,0
1345,25,0
1756,54,0
1800,28,0
1281,4,0
1146,20,0
665,59,0
489,8,0
958,41,0
556,59,0
649,6,0
1784,23,0
20,13,0
1209,39,0
1769,31,0
602,19,0
1917,41,0
1934,20,0
1885,32,0
275,43,0
1621,37,0
418,17,0
1634,11,0
263,23,0
1359,34,0
1641,11,0
1047,76,0
158,49,0
707,17,0
1803,65,0
1917,6,0
126,9,0
1795,52,0
1921,17,0
829,51,0
1702,9,0
1775,23,0
1160,9,0
195,25,0
138,53,0
1132,12,0
390,25,0
584,37,0
1782,145,0
1861,57,0
940,4,0
833,7,0
1076,4,0
298,20,0
1863,45,0
1497,23,0
1839,21,0
391,12,0
1615,27,0
1840,44,0
1858,218,0
1784,154,0
1641,19,0
1155,15,0
1780,90,0
1925,45,0
1356,4,0
1746,106,0
1613,9,0
1570,64,0
989,5,0
1698,27,0
994,17,0
1858,145,0
75,9,0
982,18,0
1085,15,0
206,24,0
1430,9,0
591,40,0
1612,27,0
1851,18,0
1734,21,0
47,24,0
548,10,0
507,8,0
1944,42,0
1846,57,0
1765,47,0
1693,56,0
1099,11,0
1667,10,0
107,3,0
1865,21,0
618,16,0
474,29,0
459,10,0
1723,23,0
725,3,0
1941,8,0
1381,14,0
1905,27,0
1712,21,0
506,22,0
849,6,0
1378,13,0
1851,21,0
357,12,0
294,10,0
1451,15,0
779,11,0
1452,58,0
994,42,0
1915,22,0
178,16,0
1783,13,0
1934,62,0
1859,10,0
1738,47,0
786,45,0
1685,11,0
940,54,0
1714,5,0
1593,6,0
151,16,0
14,11,0
1917,72,0
546,8,0
1725,45,0
720,12,0
839,14,0
1205,8,0
774,3,0
288,16,0
1740,15,0
788,70,0
1551,43,0
1453,31,0
455,6,0
1940,13,0
1859,35,0
1786,19,0
518,17,0
1346,16,0
603,43,0
30,35,0
1789,77,0
463,4,0
1628,13,0
1062,29,0
744,12,0
110,41,0
729,22,0
1865,17,0
929,6,0
1342,32,0
623,10,0
262,27,0
279,7,0
668,4,0
1905,34,0
1536,11,0
1159,51,0
1804,8,0
19,13,0
1349,39,0
955,15,0
283,27,0
196,42,0
1061,13,0
177,9,0
1027,42,0
979,37,0
611,11,0
1833,61,0
1901,8,0
848,43,0
954,27,0
811,51,0
1014,16,0
65,9,0
604,26,0
1842,5,0
184,31,0
924,5,0
544,25,0
911,39,0
1634,58,0
211,15,0
19,12,0
1481,15,0
372,10,0
700,24,0
348,19,0
338,11,0
19,4,0
1921,3,0
16,22,0
1760,67,0
1570,48,0
57,9,0
1834,38,0
237,10,0
1903,77,0
1780,53,0
1235,7,0
798,9,0
900,25,0
1767,157,0
1865,146,0
1630,37,0
1355,31,0
1682,26,0
206,30,0
1315,25,0
1949,4,0
876,55,0
1925,60,0
1650,17,0
1477,41,0
1882,11,0
1681,35,0
1292,33,0
1297,51,0
1927,63,0
1735,19,0
979,31,0
1053,61,0
1508,8,0
1758,14,0
1015,19,0
1573,16,0
1300,10,0
353,9,0
1537,7,0
1865,115,0
198,11,0
1292,30,0
298,10,0
700,32,0
1579,60,0
539,20,0
935,39,0
1183,21,0
1698,35,0
358,8,0
745,16,0
1586,2,0
1737,3,0
426,46,0
1118,45,0
506,8,0
1587,33,0
1287,19,0
1020,16,0
225,26,0
1865,18,0
856,96,0
1805,43,0
1846,33,0
1782,27,0
1900,47,0
1740,80,0
356,24,0
800,23,0
1914,40,0
934,9,0
1576,15,0
1867,26,0
1871,49,0
1115,2,0
1824,85,0
1895,52,0
1643,10,0
568,41,0
967,13,0
1632,30,0
16,32,0
1724,8,0
1444,18,0
136,6,0
218,37,0
1937,7,0
1541,28,0
1210,35,0
1687,39,0
765,26,0
627,21,0
342,29,0
1832,26,0
1743,18,0
1746,34,0
1870,27,0
1529,19,0
570,7,0
1316,2,0
1827,24,0
1902,51,0
1206,37,0
1824,20,0
1195,71,0
1089,6,0
788,64,0
1744,13,0
1636,21,0
531,13,0
1477,44,0
1383,32,0
635,30,0
1039,60,0
1865,58,0
491,38,0
1118,23,0
1545,19,0
60,13,0
712,18,0
1016,28,0
1623,73,0
748,4,0
1808,15,0
1769,7,0
419,29,0
788,139,1
1860,17,0
1477,36,0
1233,10,0
1452,9,0
1794,250,0
121,12,0
1162,12,0
1745,84,0
172,8,0
1556,4,0
91,14,0
1882,19,0
1871,83,0
377,34,0
615,23,0
410,26,0
1233,38,0
1374,44,0
876,39,0
1014,33,0
834,14,0
765,23,0
81,31,0
1782,55,0
1557,10,0
829,29,0
900,24,0
1832,35,0
535,6,0
1856,42,0
1233,22,0
1460,18,1
1607,35,0
1163,51,0
1806,43,0
1684,18,0
525,55,0
1913,41,0
1758,28,0
1763,25,0
1957,53,0
353,57,0
238,11,0
1582,70,0
1407,43,0
18,29,0
698,42,0
357,14,0
1401,3,0
1786,58,0
1902,3,0
813,22,0
1878,59,0
990,22,0
1285,5,0
1034,47,0
1892,62,0
1345,22,0
867,62,0
733,6,0
1736,23,0
1748,39,0
99,4,0
611,19,0
482,35,0
847,35,0
39,32,0
740,40,0
1724,22,0
130,12,0
1951,24,0
1396,11,0
671,27,0
479,21,0
1875,22,0
1353,3,0
1340,14,0
1961,43,0
743,15,0
1332,39,0
474,8,0
131,10,0
1792,58,0
1911,42,0
71,22,0
166,47,0
698,10,0
1757,20,0
1946,29,0
1557,28,0
762,11,0
1058,5,0
1858,191,0
1782,56,0
818,29,0
438,28,1
197,6,0
1384,10,0
570,14,0
1194,47,0
683,66,0
811,35,0
999,22,0
1787,37,0
995,15,0
854,14,0
548,18,0
1224,10,0
1709,51,0
1779,6,0
1783,5,0
1832,23,0
222,5,0
1512,9,0
1023,8,0
1553,20,0
462,9,0
1491,30,0
847,36,0
1906,29,0
1796,34,0
1780,87,0
1894,28,0
1297,16,0
1747,31,0
1151,8,0
1165,23,0
418,19,0
1909,34,0
638,5,0
1206,38,0
1681,47,0
1383,42,0
194,24,0
130,26,0
672,59,0
42,27,0
1776,64,0
1337,7,0
1623,64,0
750,3,0
775,44,0
127,24,1
742,24,0
1790,87,0
1743,51,0
1913,57,0
721,12,0
1919,37,0
1119,7,0
90,14,0
1411,25,0
848,13,0
1780,117,0
1762,27,0
1344,37,0
1002,40,0
639,3,0
1057,22,0
250,21,0
1141,22,0
1410,16,0
1824,4,0
760,37,0
1514,21,0
116,13,0
491,41,0
907,22,0
604,20,0
697,29,0
218,34,0
570,19,0
1899,36,0
1746,118,0
900,9,0
1098,29,0
1768,195,0
1090,11,0
1677,85,0
324,27,0
787,37,0
1865,64,0
1010,26,0
1778,12,0
1017,21,0
876,68,0
1,34,0
1905,132,0
613,34,0
699,12,0
776,29,0
1794,114,0
977,6,0
856,79,0
775,20,0
235,11,0
1588,22,0
1532,23,0
177,8,0
219,26,1
994,43,0
1084,8,0
116,9,0
1942,42,0
1767,127,0
298,17,0
1368,17,0
1724,11,0
619,22,0
613,41,0
667,52,0
1393,8,0
1374,7,0
118,13,0
527,27,0
1923,44,0
1747,45,0
848,48,0
1372,9,0
1751,128,0
497,13,0
1612,14,0
1934,34,0
1958,24,0
1576,18,0
1632,5,0
508,21,0
1207,80,0
1783,66,0
1756,3,0
72,30,0
754,19,0
632,29,0
1761,14,0
824,28,0
935,7,0
1856,48,0
95,27,0
1693,58,0
42,36,0
1911,25,0
1863,39,0
1457,45,0
1008,15,0
1902,18,0
1037,18,0
1839,42,0
1207,39,0
74,16,0
1643,27,0
539,37,0
644,25,0
936,32,0
1206,161,0
1059,12,0
1447,30,0
1366,11,0
942,5,0
1461,9,0
993,34,0
901,6,0
1641,3,0
760,24,0
1108,14,0
1794,45,0
1961,79,0
728,23,0
204,4,0
1864,178,0
1778,137,0
243,16,0
215,33,1
637,11,0
1586,9,0
1621,28,0
555,5,0
99,12,0
229,34,0
329,14,0
569,4,0
1098,26,0
1648,18,0
1207,81,0
269,30,0
430,7,0
343,61,0
59,6,0
8,41,0
1751,88,0
175,30,0
1769,18,0
1631,3,0
1578,2,0
1047,13,0
726,9,0
1194,11,0
543,17,0
1928,29,0
924,59,0
1791,68,0
355,6,0
771,3,0
1458,12,0
1596,39,1
1846,80,0
1522,23,0
1059,20,0
30,19,0
697,12,0
1880,31,0
544,33,0
556,93,0
1787,68,0
683,67,1
788,102,0
684,4,0
1612,24,0
1962,18,0
249,10,0
1667,13,0
1768,129,0
1494,3,0
1579,37,0
417,16,0
1939,97,0
1325,19,0
1178,4,0
401,8,0
3,19,0
963,27,0
1327,11,0
764,2,0
1216,41,0
1099,7,0
748,3,0
912,8,0
483,9,0
420,46,0
1763,31,1
1448,30,0
1903,12,0
1775,81,0
185,13,0
179,11,0
631,38,0
1796,55,0
1664,15,0
1917,147,0
781,24,0
710,8,0
1933,23,0
729,4,0
1687,18,0
150,30,0
1223,5,0
1399,16,0
337,14,1
1764,146,0
444,8,0
814,19,0
12,10,0
1708,7,0
1801,28,0
406,23,1
799,51,0
1762,21,0
1623,48,0
283,34,0
288,26,0
661,13,0
1731,70,0
1816,26,0
1457,17,0
674,40,0
1328,23,0
389,47,0
1795,3,0
1502,53,0
636,14,0
1144,33,0
492,16,0
1784,150,0
657,9,0
1731,27,0
1516,5,0
1010,24,0
1498,9,0
1235,33,0
1682,31,0
1759,40,0
1825,34,0
1828,47,0
1744,78,0
548,6,0
326,15,0
1452,83,0
320,32,0
1372,19,0
1062,40,0
724,4,0
1886,28,0
555,35,0
557,16,0
910,4,0
1147,14,0
679,23,0
1768,179,0
1784,156,0
1634,54,0
1799,47,0
1886,13,0
378,9,0
788,56,0
1895,25,0
1448,46,0
854,25,0
866,42,0
1416,4,0
116,27,0
881,15,0
1587,32,0
1762,129,0
1771,71,0
189,16,0
393,3,0
449,5,0
1945,50,0
1206,57,0
79,28,0
1882,56,0
159,25,0
935,10,0
669,20,1
180,7,0
342,50,0
1698,29,0
196,30,0
1144,7,0
421,9,0
322,19,0
1206,9,0
38,13,0
885,10,0
551,8,0
1786,10,0
1619,21,0
1784,47,0
1724,17,0
1773,23,0
589,5,0
1407,32,0
803,37,0
1802,31,0
1412,18,0
1950,62,0
1413,16,0
1939,79,0
978,17,0
1428,16,0
163,26,0
1752,78,0
1411,7,0
524,4,0
1914,16,0
1097,19,0
124,47,0
120,3,0
1636,18,0
1561,21,0
1669,23,0
1856,29,0
703,74,0
1875,51,0
848,47,0
1771,30,0
1199,13,0
374,9,0
788,44,0
475,16,0
1588,10,0
996,40,0
788,95,0
232,29,0
1813,30,0
673,100,0
55,25,0
1438,12,0
354,10,0
999,98,0
1659,53,0
1845,29,0
1118,38,0
803,29,0
698,48,0
944,17,0
1491,16,0
469,21,0
42,5,0
762,33,0
1126,35,0
1928,22,0
147,32,0
1767,164,0
181,3,0
1124,13,0
1867,56,0
1789,140,0
1856,70,0
1076,14,0
1354,23,0
19,16,0
1322,21,0
1882,46,0
1039,61,1
792,5,0
342,5,0
260,6,0
856,4,0
804,27,0
1697,8,0
866,36,0
1792,19,0
1620,25,0
1740,24,0
272,33,0
1850,11,1
1156,7,0
1507,28,0
814,4,0
1944,16,0
999,94,0
240,8,0
1135,6,0
361,18,0
1472,18,0
698,7,0
336,34,0
1199,23,0
1615,24,0
1497,20,0
255,32,0
1927,64,0
1831,38,0
1768,119,0
982,4,0
1765,52,0
909,5,0
1746,11,0
1698,34,0
1858,103,0
394,33,0
933,41,0
1350,23,0
356,27,0
863,49,0
129,14,0
343,48,0
301,33,0
1206,119,0
550,35,0
478,7,0
441,22,0
1703,4,0
1207,53,0
242,15,0
53,24,0
1623,115,0
1385,17,0
1565,57,0
617,4,0
1502,11,0
1827,41,0
1330,3,0
864,2,0
1071,2,0
275,10,0
863,23,0
881,46,0
1233,28,0
736,35,0
1962,3,0
1640,23,0
911,107,0
1828,58,0
1646,8,0
20,5,0
1045,9,0
340,21,0
191,12,0
1502,24,0
788,105,0
1842,22,0
1709,71,0
936,24,0
1686,8,0
992,8,0
1033,39,0
682,29,0
1877,27,0
1513,8,0
1927,40,0
1758,64,0
1844,29,0
1746,41,0
1918,39,0
1876,10,0
801,43,0
1578,22,0
1808,50,0
1206,95,0
839,5,0
251,11,0
111,27,0
1859,71,0
396,5,0
8,19,0
249,39,0
465,16,0
1794,126,0
1915,36,0
1145,7,0
372,20,0
1837,25,0
1771,124,0
1784,201,0
1342,4,0
1793,61,1
1875,101,0
527,36,0
1862,11,0
682,8,0
1939,137,0
779,80,0
1060,20,0
181,35,0
1546,76,0
1553,27,0
1222,49,0
366,34,0
1930,19,0
1595,2,0
1677,24,0
901,18,0
1875,55,0
1134,70,0
428,18,0
1808,45,0
400,22,0
1116,14,0
91,3,0
415,4,0
1586,23,0
1617,22,0
1695,74,0
665,37,0
1894,8,0
74,27,0
525,48,0
159,28,0
1839,19,0
420,35,0
1333,38,0
554,15,0
1228,38,0
342,3,0
1406,8,0
1478,4,0
834,11,0
1745,73,0
1939,8,0
389,6,0
526,20,0
374,13,0
1794,10,0
1164,11,0
1676,5,0
1744,29,0
645,28,0
1852,9,0
1545,30,0
1,24,0
891,23,0
772,32,0
1165,24,0
1393,15,0
1790,48,0
485,22,0
613,38,0
1665,55,0
913,41,0
1306,6,0
1751,65,0
55,27,0
589,9,0
1743,15,0
950,27,0
92,7,0
1863,91,0
1771,17,0
1374,28,0
1469,10,0
1311,23,0
1784,36,0
1535,26,0
1854,57,0
968,19,0
1040,28,1
1613,17,0
265,10,0
56,28,0
1882,30,0
1858,153,0
1374,3,0
1790,51,0
577,2,0
665,44,0
1582,61,0
487,2,0
186,24,0
653,38,0
1050,6,0
867,29,0
722,25,0
431,20,0
201,21,0
1855,21,0
1087,13,0
1404,13,0
1087,12,0
1201,20,0
1546,82,0
306,12,0
1784,19,0
238,26,0
868,9,0
269,28,0
1931,21,0
1876,65,0
1868,53,0
954,13,0
1567,56,0
1458,16,0
1540,22,0
740,11,0
1092,1,0
513,21,0
764,18,0
1695,26,0
1764,145,0
956,27,0
1781,59,0
1794,4,0
1513,23,0
16,7,0
15,16,0
1292,27,0
933,29,0
1779,132,0
1857,26,0
1758,95,0
24,8,0
1528,31,0
1568,27,0
1765,135,0
613,43,0
817,35,0
1570,27,0
1680,23,0
150,12,0
461,7,0
1677,31,0
444,3,0
1778,155,0
703,49,0
1777,25,0
1744,33,0
999,80,0
1864,144,0
1794,47,0
481,7,0
1780,66,0
958,13,0
1629,23,0
1875,54,0
902,18,0
1763,68,0
1075,5,0
1780,20,0
3,7,0
345,22,0
1809,78,0
1454,18,0
785,28,0
1900,41,0
1565,92,0
33,35,0
1561,18,0
1828,27,0
924,20,0
1181,50,0
549,10,0
343,60,0
1783,34,0
674,96,0
1891,13,0
588,20,0
326,27,0
1011,42,0
1198,4,0
1623,49,0
248,17,0
978,34,0
1850,45,0
757,15,0
1616,11,0
1833,45,0
1372,10,0
1756,59,0
680,20,0
1764,5,0
1589,40,0
203,17,0
1858,45,0
1677,23,0
111,28,0
1587,40,0
1451,27,0
132,38,0
1772,20,0
190,11,0
3,31,0
1947,10,0
1781,35,0
1631,22,0
123,12,0
1896,91,0
288,15,0
1948,5,0
1494,6,0
160,18,0
340,9,0
1743,47,0
790,20,0
1085,17,0
103,5,0
1010,11,0
708,24,0
1469,11,0
1746,18,1
526,14,1
1004,43,0
1793,98,0
1768,13,0
1779,252,0
41,36,0
1537,15,0
1091,3,0
1604,7,0
1824,77,0
847,12,0
1738,87,0
1027,33,0
1645,8,0
1751,7,0
254,15,0
1323,5,0
1723,16,0
484,21,0
1911,44,0
1792,137,0
941,13,0
1617,60,0
204,37,0
672,66,0
1784,236,0
308,28,0
338,9,0
1757,12,0
1072,9,0
1036,39,0
1572,9,0
1947,35,0
887,53,0
1364,30,0
1931,44,0
1062,21,0
687,15,0
571,10,0
1745,43,0
1646,15,0
866,18,0
485,5,0
1514,33,0
1452,25,0
1038,34,0
1903,6,0
1682,32,0
790,11,0
584,42,0
1915,20,0
738,6,0
1376,16,0
1947,30,0
58,12,0
90,16,0
1878,46,0
1838,21,1
786,50,0
11,9,0
1623,17,0
79,38,0
1426,22,0
775,22,0
1863,100,0
1791,4,0
819,37,0
1024,13,0
1228,10,0
1599,2,0
1955,20,0
977,39,0
1322,24,0
1905,119,0
1586,8,0
856,97,0
205,34,0
1833,32,0
1779,134,0
1765,160,0
1871,28,0
157,7,0
1656,2,0
1612,25,0
1794,205,0
1904,55,0
1678,21,0
74,7,0
1762,61,0
212,32,0
1347,11,0
370,9,0
1927,19,0
1808,43,0
1480,15,0
1659,57,0
1831,4,0
907,25,0
338,10,0
556,42,0
539,21,0
1695,57,0
1599,22,0
1680,37,0
1791,23,0
522,12,0
1930,9,0
1888,25,0
481,27,0
1623,122,0
1432,27,0
400,13,0
1617,25,0
1341,26,0
1845,65,0
1212,3,0
1772,12,0
1664,8,0
1388,11,0
938,19,0
703,12,0
87,15,0
271,4,0
393,5,0
1675,13,0
1798,38,0
1917,58,0
139,24,0
522,22,1
1513,24,0
1132,3,0
1961,90,0
1929,37,0
1776,173,0
1112,16,0
158,23,0
1787,67,0
1899,8,0
598,17,0
1925,28,0
406,22,0
1544,22,0
674,13,0
832,65,0
67,13,0
982,5,0
288,73,0
1795,4,0
978,9,0
1792,76,0
288,76,0
161,8,0
222,7,0
1737,26,0
277,20,0
1615,18,0
1583,6,1
230,12,0
1907,76,0
1738,88,0
1153,19,0
734,27,0
1957,55,0
1364,15,0
1010,25,0
760,15,0
1950,83,0
976,7,0
788,136,0
354,8,0
1511,32,0
187,48,0
93,32,0
1909,98,0
956,19,0
775,61,0
1621,13,0
1756,28,0
708,40,0
33,41,0
904,69,0
216,36,0
1695,44,0
1354,16,0
1171,7,0
1762,76,0
1939,140,0
1950,69,0
27,45,0
140,20,0
1033,5,0
1905,20,0
109,10,0
1119,9,0
1441,13,0
1936,34,0
1812,34,0
1352,12,0
1936,3,0
732,10,0
1059,18,0
1635,25,0
1350,22,0
1781,55,0
1806,63,0
1547,24,0
653,23,0
198,41,0
674,12,0
788,143,1
219,25,0
485,33,0
156,23,0
340,10,0
1839,35,0
1553,21,0
394,17,0
213,24,0
312,10,0
1758,113,0
349,20,0
848,21,0
923,6,0
277,15,0
521,7,0
818,35,0
1589,38,0
1693,5,0
1044,2,0
292,31,0
138,8,0
1839,22,0
204,3,0
1578,6,0
27,21,0
88,9,0
210,28,0
68,9,0
1783,42,0
1564,27,1
401,13,0
1784,141,0
1504,8,0
325,23,0
1055,13,0
70,30,0
934,12,0
1912,15,0
742,50,0
397,10,0
1862,14,0
256,20,0
1817,50,0
400,23,0
1745,134,0
1676,6,0
1130,18,0
1600,37,0
1824,134,0
1662,12,0
331,6,0
1209,31,0
1779,194,0
1017,29,0
1458,17,0
6,7,0
1760,17,0
1738,86,0
1308,27,0
1621,10,0
778,55,0
1633,13,0
887,45,0
161,21,0
272,40,0
748,7,0
1657,36,0
1752,22,0
1731,81,0
772,13,0
1789,8,0
1778,132,0
1799,49,0
143,51,1
1503,14,0
531,8,0
1337,5,0
837,11,0
1834,16,0
386,23,0
630,4,0
338,13,0
1141,18,0
1771,144,0
467,38,0
394,14,0
1449,69,1
1368,11,0
541,19,0
556,95,0
275,38,0
529,29,1
751,24,0
1758,11,0
676,69,0
1856,72,0
218,11,0
391,57,0
1347,6,0
1776,101,0
1220,13,0
1826,45,0
689,43,0
1665,26,0
1787,12,0
551,13,0
673,13,0
56,27,0
1030,23,0
1530,16,0
1013,22,0
1767,38,0
660,18,0
1678,85,0
1940,7,0
213,21,0
1751,8,0
1681,46,0
1885,26,0
1819,42,0
673,9,0
391,2,0
1630,7,0
1630,8,0
65,5,0
1026,11,0
1942,30,0
1840,20,0
1755,21,1
883,40,0
110,40,0
884,16,0
86,16,0
1961,25,0
473,7,0
1782,92,0
537,18,0
842,40,0
803,39,0
1661,12,0
1710,19,0
236,12,0
780,91,0
800,20,0
1778,67,0
1199,21,0
459,3,0
1818,79,0
441,28,0
137,26,0
647,35,0
1693,22,0
1420,3,0
185,33,0
703,22,0
507,13,0
817,17,0
1823,23,0
488,22,0
1751,105,1
1286,17,0
1862,31,0
760,21,0
1956,10,0
1387,27,0
1206,81,0
1492,44,0
1366,14,0
1910,32,0
1200,11,0
890,14,0
95,7,0
1681,19,0
909,2,0
1790,52,0
1960,22,0
833,35,0
674,68,0
498,14,0
1765,41,0
1038,18,0
1789,6,0
988,9,0
509,4,0
1550,57,0
1324,22,0
1852,3,0
568,42,0
1914,35,0
742,49,0
1430,3,0
539,29,0
990,21,0
1665,22,0
1297,77,0
1667,44,0
635,52,0
1147,4,0
76,16,0
1640,7,0
735,29,0
1833,50,1
1871,59,0
259,21,0
1146,5,0
674,23,0
1308,22,0
241,22,0
1538,47,0
86,15,0
1884,12,0
1334,20,0
1221,6,0
1772,7,0
1782,6,0
1121,9,0
1940,33,0
435,12,0
1643,26,0
1094,2,0
104,20,0
1908,54,0
252,15,0
1725,40,0
1861,8,0
90,32,0
600,20,0
515,24,0
1959,17,0
1147,6,0
1870,26,0
1776,127,0
546,67,0
1104,18,0
1426,43,0
244,10,0
1744,58,0
20,23,0
956,36,0
221,3,0
1194,12,0
1753,59,0
1931,41,0
860,19,0
350,4,0
1062,24,0
454,22,0
1865,63,0
934,46,0
328,25,0
1359,18,0
505,22,0
1752,24,0
1791,63,0
76,14,0
99,56,0
710,23,0
1861,41,0
442,17,0
1905,39,0
1785,68,0
554,7,0
525,39,0
474,30,0
272,32,0
1090,14,0
812,20,0
762,21,0
12,28,0
449,8,0
753,2,0
1159,8,0
1778,149,0
1211,47,0
1135,41,0
427,6,0
1382,36,0
1237,24,0
1855,22,0
1572,28,0
1826,16,0
994,16,0
1607,7,0
1010,38,0
1333,43,0
1600,17,0
942,42,0
1216,30,0
1792,140,0
1664,16,0
729,20,0
874,22,0
631,23,0
846,16,0
1892,76,0
725,20,0
448,11,0
1209,26,0
774,30,0
1147,11,0
1777,78,0
829,21,0
205,41,0
588,4,0
782,3,0
1045,8,0
1467,5,0
1784,153,0
700,31,0
558,27,0
1449,15,0
618,17,0
1368,19,0
1074,4,0
1568,21,0
980,8,0
93,36,0
1796,41,0
1596,15,0
1792,124,0
684,76,0
1166,29,0
912,14,0
994,36,0
1537,10,0
784,20,0
1138,15,0
1017,25,0
619,14,0
1853,18,0
648,15,0
1352,2,0
1917,33,0
130,25,0
825,14,0
846,3,0
105,11,0
811,46,0
725,2,0
1795,24,0
377,3,0
1776,166,0
1947,14,0
1913,30,0
844,45,0
1782,249,0
776,48,0
910,38,0
1759,3,0
546,79,0
1904,30,0
465,15,0
229,11,0
1744,44,0
528,23,0
1482,12,0
1345,13,0
689,52,0
368,31,0
306,39,0
1570,85,0
1863,74,0
72,27,0
955,53,0
833,14,0
1735,46,0
1572,14,0
1228,54,0
1466,14,0
950,4,0
1948,15,0
1789,114,0
354,44,0
430,24,0
1698,43,0
1939,138,0
364,27,0
1907,9,0
1065,54,0
1877,41,0
1821,34,0
830,14,0
1880,36,0
1955,27,0
1924,37,1
1500,9,0
979,26,0
1479,32,0
1831,7,0
1678,72,0
789,4,0
1050,3,0
1347,3,0
1000,40,0
74,26,0
1820,6,0
243,6,0
1788,18,0
1902,81,0
1674,21,0
1813,23,0
1503,8,0
1052,21,0
1802,57,0
1870,4,0
536,6,0
1521,7,0
1830,5,0
1695,12,0
297,18,0
1918,14,0
528,30,0
1875,21,0
1937,27,0
635,10,0
432,23,0
241,18,0
1602,38,0
1867,32,0
863,54,0
6,22,0
1334,53,0
774,22,0
202,21,0
157,18,0
1507,18,0
597,27,0
1927,36,0
378,19,0
1444,14,0
1930,29,0
1299,12,0
1483,2,0
685,10,0
1814,3,0
1621,64,0
1849,54,0
743,3,0
1861,49,0
729,10,0
1747,3,0
1791,44,0
390,16,0
743,22,0
347,4,0
1801,13,0
158,54,0
1760,10,0
719,2,0
503,3,0
733,3,0
152,20,1
113,26,0
775,26,0
283,10,0
419,25,1
1098,7,0
93,8,0
1728,55,0
140,11,0
1188,18,0
608,13,0
904,44,0
629,7,0
1065,42,0
1956,6,0
1787,16,0
1768,31,1
1764,24,0
405,38,0
1452,59,0
863,52,0
1407,13,0
1960,41,0
91,36,0
337,7,0
1711,21,0
1358,12,0
1917,101,0
320,34,0
1901,27,0
1779,17,0
674,48,0
856,40,0
187,49,0
80,16,0
876,3,0
866,4,1
1776,131,0
1824,135,1
597,15,0
934,66,0
679,27,0
1328,4,0
370,15,0
1832,8,0
1780,211,0
638,14,0
1923,5,0
63,6,0
1389,1,0
140,61,0
643,43,0
1345,23,1
1491,2,0
1777,47,0
876,62,0
515,37,0
1136,37,0
486,48,0
391,52,0
1835,22,0
530,9,0
1828,36,0
1818,84,0
865,30,0
1882,53,0
1464,27,0
434,62,0
1914,27,0
1345,26,0
1782,168,0
1737,4,0
1619,60,0
109,30,0
334,62,1
1181,28,0
1895,75,0
962,12,0
1774,4,0
1775,65,0
844,55,0
1937,24,0
717,7,1
1411,24,0
143,74,0
1679,26,0
1634,35,0
832,68,0
1939,143,0
841,4,0
1230,24,0
1763,2,0
347,26,0
1768,91,0
1644,32,0
788,41,0
1902,39,0
1406,30,0
1944,17,0
935,11,0
161,13,0
1794,256,0
1376,25,0
672,5,0
1806,80,0
763,15,0
293,48,0
556,8,0
1398,3,0
470,31,0
166,56,0
763,3,0
1728,58,0
486,31,0
714,57,0
156,26,0
238,10,0
1875,45,0
1452,72,0
1793,60,0
864,18,0
856,37,0
78,14,0
25,19,0
508,9,0
1859,50,0
496,16,0
1794,95,0
552,11,0
1394,50,0
1790,15,0
1368,4,0
297,36,0
131,36,0
1943,42,0
1393,5,0
1360,19,0
1785,21,0
676,63,0
1106,4,0
620,35,0
1661,18,0
301,14,0
1185,14,0
369,13,0
732,2,0
1581,38,0
1036,25,0
1587,26,0
297,17,0
68,19,0
1827,36,0
556,32,0
1398,9,0
1707,21,0
1704,4,0
501,5,0
256,34,0
237,28,0
1331,5,0
1756,4,0
1428,8,0
1875,31,0
1452,32,0
1502,57,0
8,39,0
160,35,0
384,8,0
1159,13,0
1440,12,0
899,20,0
1765,63,0
395,13,0
1738,67,0
750,12,0
1780,133,0
215,14,0
1136,48,0
68,49,0
336,30,0
1703,9,0
953,26,0
1663,28,0
1916,16,0
1787,103,0
1631,29,0
599,25,0
1292,10,0
525,28,0
92,11,0
600,5,0
311,3,0
1784,172,0
1804,45,0
774,31,0
1052,4,0
429,22,0
507,29,0
1195,75,0
1047,77,0
1345,42,0
996,8,0
818,6,0
1728,13,0
21,27,0
951,20,0
901,12,0
467,35,0
1776,73,0
236,10,0
1913,40,0
1900,2,0
945,15,0
582,21,0
1200,21,0
917,7,0
1625,18,0
3,20,0
572,16,0
1751,127,0
185,14,0
211,22,0
1398,8,0
1565,8,0
68,63,0
892,29,0
143,25,0
811,42,0
196,10,0
1361,9,0
700,3,0
1926,27,0
1797,30,0
1793,102,0
1773,28,0
1933,27,0
1959,22,0
1783,16,0
1415,19,0
1703,14,0
1544,16,0
1871,13,0
127,31,0
1127,4,0
1364,37,0
636,20,0
1858,189,0
1028,59,0
483,25,0
552,8,0
1135,34,0
1750,41,0
1812,33,0
680,19,0
1669,5,0
1939,53,0
94,16,0
1634,12,1
1216,25,0
1865,45,0
19,22,0
161,16,0
1687,21,0
686,8,0
789,27,0
1230,16,1
420,47,0
1391,26,0
762,19,0
425,11,0
1790,77,0
1945,14,0
1629,18,0
15,27,0
1040,22,0
1768,162,0
1237,11,0
1824,45,0
268,12,0
1373,30,0
182,26,0
1336,3,0
1827,48,0
1944,9,0
744,13,0
1888,35,0
1946,28,0
1858,55,0
979,59,0
37,12,0
788,142,0
729,19,0
1824,93,0
943,9,0
1787,28,0
1218,33,0
81,28,0
517,9,0
1719,10,0
1782,5,0
900,15,0
1582,28,0
1924,34,0
462,6,0
736,38,0
1484,34,0
804,24,0
1737,18,0
1683,26,0
1733,18,0
1917,59,0
74,5,0
681,18,0
1664,43,0
887,109,0
1703,40,0
1581,24,0
388,11,0
1703,13,0
1783,138,0
1765,109,0
928,17,0
461,10,0
1912,45,0
1682,7,0
1927,75,0
1883,27,0
742,13,0
1595,31,0
1617,7,0
622,29,0
555,17,0
1201,47,0
904,35,0
1775,63,0
1757,17,0
1449,28,0
452,14,0
1497,12,0
6,14,0
481,26,0
1039,80,0
1955,34,0
434,8,0
697,21,0
1796,56,0
681,31,0
1227,20,0
115,36,0
126,10,0
397,23,0
568,35,0
1314,12,0
1188,13,1
1432,14,0
1773,40,0
962,8,0
407,19,0
1030,5,0
473,5,0
1902,64,0
218,32,0
348,10,0
1944,4,0
265,19,0
1427,24,0
88,17,0
1738,28,0
598,11,0
1782,221,0
1896,28,0
1943,38,0
788,47,0
844,34,0
635,8,0
1946,64,0
166,10,0
1006,21,0
450,20,0
1328,15,0
36,6,0
1619,12,0
1954,15,0
1925,67,0
1769,55,0
1827,21,0
1906,51,0
1200,26,0
511,8,0
688,8,0
1858,15,0
1315,23,0
653,14,0
1779,217,0
1426,44,0
137,42,0
1760,9,0
1784,127,0
515,14,0
273,27,0
1616,33,0
1765,59,0
1832,10,0
49,41,0
1947,26,0
1678,76,0
913,24,0
1939,151,0
1692,14,0
643,49,0
1468,38,0
635,18,0
1455,9,0
1649,10,0
683,21,0
1915,87,0
391,3,0
616,5,0
862,10,0
233,47,0
498,29,0
904,6,0
1594,4,0
1913,59,0
1779,25,0
745,31,0
1610,22,0
1019,41,0
1452,20,0
1918,15,0
35,14,0
1735,4,0
1217,15,0
675,65,0
1772,8,0
46,9,1
1802,37,0
1793,6,0
1217,8,0
128,25,0
1019,58,0
625,31,0
1047,12,0
1232,9,0
1658,11,0
1746,136,0
1416,12,0
1549,33,0
1041,31,0
638,13,0
915,38,0
1398,15,0
1028,21,0
243,28,0
296,9,0
1923,29,0
713,6,0
1414,8,0
1171,19,0
14,26,0
1470,28,0
95,20,0
1746,69,1
179,20,0
39,26,0
1817,10,0
399,21,0
505,36,0
881,32,0
1316,19,0
1681,43,0
762,4,0
799,34,0
1579,6,0
594,15,0
1330,6,0
1751,87,0
1629,22,0
1616,20,0
832,63,0
208,5,0
1899,29,0
288,59,0
676,46,0
1951,2,0
105,12,0
183,38,0
1545,25,0
847,15,0
1610,38,0
1520,7,0
309,20,0
196,31,0
1856,82,0
852,9,0
1447,46,0
448,40,0
1778,113,0
1193,16,0
1686,32,0
1929,38,0
320,23,0
1916,33,0
1792,126,1
1825,22,0
1856,28,0
1751,49,0
1203,28,0
593,19,1
1680,24,0
1385,16,0
1870,40,0
1664,40,0
961,14,0
1778,50,0
418,33,0
1835,12,1
1531,21,0
1206,135,0
389,33,0
1452,17,0
1798,21,0
926,14,0
33,17,0
1478,3,0
1444,4,0
1375,7,0
1206,182,0
1737,44,0
435,35,0
1779,121,0
1334,42,0
1617,50,0
512,5,0
1826,39,0
1570,52,0
1746,157,0
1034,8,0
1801,31,0
129,13,0
663,36,0
1844,5,0
669,39,0
1780,216,0
1146,23,0
244,9,0
1929,48,0
904,49,0
1939,15,0
1177,27,0
1055,26,0
295,9,0
1541,31,0
158,26,0
1211,34,0
217,8,0
5,16,0
1728,49,0
1902,68,1
1940,48,0
1907,73,0
1472,28,0
630,5,0
703,26,0
1641,24,0
1751,126,0
546,61,0
1619,50,0
1893,19,0
1689,7,0
1402,36,0
1040,23,0
1413,43,0
1768,115,0
946,13,0
1789,119,0
1765,60,0
1943,48,0
748,13,0
825,18,0
371,19,0
17,16,0
1698,37,0
507,10,0
1316,15,0
1402,29,0
278,37,0
1760,52,0
391,32,0
46,14,0
1909,115,0
1768,137,0
414,22,0
112,35,0
1657,22,0
158,58,1
1495,22,0
129,12,0
867,34,0
1732,4,0
1324,17,0
1059,24,0
1724,47,0
819,41,0
1379,10,0
674,97,0
1771,3,0
604,77,0
1641,49,0
956,3,0
1665,53,0
1869,24,0
491,9,0
1765,87,0
1752,56,0
776,27,0
575,17,0
762,36,0
1878,20,0
1835,11,0
1235,13,0
1950,13,1
1695,40,0
1518,17,0
669,16,0
255,7,0
1764,46,0
1782,31,0
679,32,0
1622,11,0
1834,51,0
967,8,0
1731,7,0
1633,38,0
1781,7,0
1091,7,0
273,5,0
1104,14,0
862,14,0
1451,66,0
842,26,0
1633,18,0
16,8,0
1297,50,0
401,14,0
1824,41,0
848,40,0
1306,3,0
1834,35,0
1036,4,0
1937,28,0
1233,40,0
132,21,0
1148,12,0
210,35,0
27,32,0
1856,47,0
275,49,0
1870,44,0
627,20,0
573,17,0
127,32,0
170,18,0
1358,28,0
1961,63,0
1935,45,0
1797,9,0
409,6,0
1824,28,0
569,9,0
954,34,0
934,8,0
546,54,0
1431,10,0
1197,2,0
213,22,0
1478,7,0
698,44,0
1832,9,0
1292,11,0
1776,93,0
1473,13,0
1482,46,0
38,27,0
133,5,0
1655,6,0
1792,129,0
1825,3,0
1881,37,0
915,43,0
1765,9,0
408,22,0
1561,36,0
1811,9,0
780,128,0
881,45,0
368,21,0
654,6,0
1914,7,0
642,6,0
481,8,0
812,45,0
832,6,0
1402,33,0
1864,176,0
854,26,0
663,30,0
1396,19,0
1944,40,0
1330,11,0
1897,35,0
642,25,0
1769,36,0
1881,6,0
157,9,0
1859,27,0
1808,28,0
278,24,0
856,43,0
1740,20,0
852,13,0
1823,35,0
1781,81,0
1502,92,0
43,8,0
860,26,0
1315,19,0
99,57,0
1878,57,0
1140,14,0
49,10,0
1434,20,0
1648,2,0
1216,40,0
356,22,0
805,6,0
1728,11,0
1794,102,0
278,22,0
1037,1,0
1846,47,0
829,48,0
1749,48,0
1725,50,0
1805,36,0
1002,32,0
539,10,0
53,6,0
1795,20,0
665,13,1
736,13,0
342,20,0
829,7,0
1864,110,0
1140,8,0
109,21,0
1458,18,0
1021,36,0
1612,36,0
1763,34,0
128,9,0
275,15,0
1822,17,0
1349,35,1
625,24,0
924,27,0
278,10,0
1555,79,0
1147,3,0
846,24,0
589,15,0
1075,11,0
1776,160,0
111,25,0
1306,18,0
1758,96,0
788,121,0
1824,3,0
1447,22,0
1826,32,0
544,15,0
1950,67,0
607,4,0
1946,75,0
1835,13,0
1097,7,0
612,12,0
1304,6,0
622,31,0
173,9,0
1363,16,0
184,24,0
1768,132,1
1028,30,0
1615,8,0
288,20,0
1650,9,0
1053,37,1
1688,30,0
735,5,0
1929,41,0
136,34,0
1023,15,0
182,18,0
18,43,0
1012,17,0
1145,52,0
1055,8,0
1927,65,0
1856,59,0
1896,89,0
1133,5,0
1863,47,0
1824,129,0
1744,59,0
1385,30,0
1168,39,0
1497,13,0
1127,7,0
1450,17,0
1871,5,0
803,36,0
734,31,0
932,46,0
1639,8,0
934,64,0
1925,19,0
33,14,0
1512,10,0
71,37,1
1758,46,0
1785,54,0
578,2,0
1130,25,0
232,24,0
1380,4,0
1678,61,0
1777,51,0
161,17,0
1363,15,0
1163,18,0
1812,27,0
683,41,0
1708,10,0
1952,13,0
1743,35,0
1885,4,0
160,25,0
354,46,0
1892,56,0
364,13,0
1945,85,0
1752,16,0
1220,33,0
235,5,0
1527,31,0
1119,71,0
1764,14,0
1681,30,0
932,18,0
1782,202,0
591,28,0
1440,8,0
922,31,0
1835,38,0
633,6,0
1759,22,0
1349,29,0
416,38,0
132,14,0
1698,14,0
582,7,0
1077,28,0
1065,19,0
1698,44,0
1823,2,0
1678,40,0
1932,13,0
1777,55,0
1663,39,0
311,21,0
45,14,0
202,26,0
1135,39,0
866,20,0
1306,39,0
1236,19,0
1800,24,0
243,3,0
683,64,0
867,58,0
1767,102,0
1858,9,0
1821,36,0
837,14,0
751,19,0
848,1,0
1895,66,0
978,27,0
57,7,0
1951,42,0
740,3,0
1638,10,0
1618,29,0
1794,221,0
1781,36,0
1834,36,0
1917,10,0
1892,30,0
1820,66,0
101,9,0
1864,130,0
1555,48,0
219,19,0
1797,10,0
663,40,0
1026,8,0
1788,6,0
1595,15,0
1674,22,0
1582,34,0
229,35,0
535,7,0
388,41,0
489,18,0
1794,266,0
803,25,0
1902,35,0
109,27,0
1960,40,0
844,11,0
962,5,0
775,40,0
1882,25,0
1875,20,0
810,24,0
1200,32,0
1600,60,0
1634,30,0
1751,67,0
304,13,0
931,15,0
1919,41,0
1058,19,0
910,72,0
1844,37,0
1318,42,0
292,38,0
860,50,0
314,15,0
1852,13,0
844,36,0
1937,25,0
1149,13,0
1819,3,0
1764,124,0
848,6,0
112,33,0
304,14,0
1513,5,0
337,16,0
1164,16,0
1703,34,0
1495,6,0
556,49,0
275,12,0
1864,150,0
1907,17,0
472,10,0
555,38,0
950,16,0
899,15,0
170,8,0
1623,84,0
866,22,0
1334,29,0
584,29,0
1743,66,0
862,7,0
1906,16,0
1746,35,0
482,16,0
1558,16,0
184,18,0
1635,1,0
1590,11,0
1740,13,0
1746,65,1
1873,31,0
1907,18,0
69,7,0
737,3,0
1538,15,0
781,4,0
95,53,0
979,16,0
1679,15,0
1779,173,0
273,10,1
1355,23,1
1682,18,0
287,24,0
1160,15,0
1915,18,0
584,61,0
1850,51,0
32,11,0
1050,4,0
591,34,0
1718,44,0
682,49,0
1784,151,0
1680,11,0
1959,9,0
1936,21,0
1850,18,0
1925,61,0
999,68,0
227,24,0
1097,4,0
1779,228,0
1115,4,0
743,25,0
962,4,0
422,25,0
1863,23,0
868,11,0
1835,30,0
1587,36,0
1700,13,0
1033,11,0
135,48,0
1780,143,0
1913,4,0
1642,6,0
133,11,0
1719,11,0
956,37,0
221,31,0
1294,23,0
1892,68,0
1859,68,0
674,98,0
219,24,0
876,43,0
1030,49,0
1379,5,0
1728,64,0
820,28,0
1824,35,0
565,2,0
298,32,0
1746,2,0
1856,39,0
265,9,0
505,3,0
556,70,0
801,41,0
1550,47,0
1644,24,0
296,17,0
174,44,0
584,28,0
1961,54,0
1835,45,0
41,9,0
127,14,0
500,6,0
635,23,0
1520,10,0
765,25,0
1955,3,0
1645,9,0
1447,44,0
162,2,0
1777,81,0
556,69,0
414,23,0
221,42,0
1311,8,0
1803,13,0
1326,16,0
1881,7,0
856,94,0
961,3,0
1515,24,0
107,5,0
1826,3,0
1097,27,0
1826,17,0
2,19,0
530,7,0
1600,34,0
1322,27,0
1554,17,0
353,14,0
79,36,0
624,11,0
1869,33,0
1798,25,0
371,21,0
255,10,0
1155,43,0
1623,74,0
653,34,0
134,22,0
526,6,0
1018,7,0
734,16,0
1059,35,0
344,5,0
1817,67,0
1665,39,0
247,12,0
1206,106,0
1962,25,0
450,26,0
1724,102,0
1288,6,0
1119,91,0
546,83,0
1576,21,0
291,14,0
1683,17,0
391,27,0
1402,38,0
1782,19,0
1194,39,0
780,56,0
288,7,0
1053,38,0
1862,46,0
1402,39,0
1546,38,0
925,9,0
756,9,0
904,60,0
160,34,0
861,59,0
21,9,0
216,43,0
1932,29,0
386,24,0
1779,34,0
1851,7,0
217,31,0
6,15,0
749,1,0
1825,13,0
940,52,0
1480,29,0
275,58,0
52,12,0
1374,41,0
1873,21,0
1521,2,0
483,4,0
1621,81,0
682,44,0
734,20,0
1913,10,0
1782,82,0
1612,13,0
1799,42,0
554,6,0
1031,4,0
260,34,0
790,21,0
1782,220,0
1750,31,0
1630,14,0
1780,209,0
1494,19,0
1729,28,0
678,10,0
1731,26,0
844,43,0
110,10,0
472,12,0
65,8,0
548,24,0
1330,15,0
999,64,0
1900,29,0
1648,26,0
1366,16,0
1701,32,0
1871,57,0
1646,3,0
775,29,0
1017,18,0
574,6,0
1779,245,0
1075,55,0
1935,4,0
105,13,0
1639,5,0
1220,35,0
992,13,0
147,3,0
1915,4,0
1787,49,0
621,13,0
892,30,0
1623,104,0
856,105,0
328,27,0
613,76,0
546,20,0
903,24,0
1780,11,0
102,7,0
1163,2,0
1095,19,0
1452,61,0
287,36,0
684,57,0
1849,46,0
1756,57,0
725,15,0
1779,26,0
217,7,0
744,11,0
1819,2,0
1888,39,0
1507,22,0
658,4,0
284,5,0
1023,19,0
1925,50,0
1075,25,0
734,11,0
854,38,0
751,28,0
1939,65,0
158,27,0
42,11,0
1861,46,0
118,34,0
354,32,0
1710,33,0
1861,52,0
782,4,0
1206,76,0
779,7,0
95,8,0
215,34,0
745,17,0
554,16,0
674,91,0
769,13,0
1393,18,0
658,21,0
1743,59,0
23,16,0
780,15,0
876,52,0
469,19,0
27,9,0
1134,34,0
74,10,0
382,28,0
1782,113,0
1848,4,0
1883,32,0
1161,18,0
866,49,0
1674,14,0
1602,36,0
420,23,0
1764,28,0
1235,18,0
1677,89,0
1399,3,0
1883,9,0
1497,11,0
284,4,0
784,10,0
1059,50,0
1528,4,0
1149,4,0
679,7,0
1763,79,0
1778,28,0
1361,20,0
848,32,0
231,46,0
1771,99,0
103,19,0
470,33,0
720,8,0
1792,86,0
1732,6,0
1884,40,0
160,47,0
1202,32,0
1747,20,0
740,5,0
440,9,0
1320,9,0
158,25,0
742,2,0
14,9,0
759,39,0
1552,56,0
865,14,1
1597,21,0
1745,2,0
2,20,1
1389,8,0
197,26,0
385,20,0
1033,19,0
1200,7,0
1661,58,0
1784,169,0
1848,22,0
1383,14,0
1354,33,0
99,63,0
227,36,0
1775,5,0
1583,20,0
786,23,0
19,7,0
57,6,0
942,6,0
272,10,0
818,48,0
1468,50,0
1532,36,0
1228,43,0
1075,57,0
1888,26,0
1952,12,0
928,14,0
1297,14,0
1789,13,0
844,33,0
1682,19,0
1195,59,0
734,4,0
235,31,0
1114,17,0
1910,34,0
150,29,0
1064,24,0
1351,22,0
1936,9,0
697,7,0
62,13,0
1862,45,0
775,46,0
1940,34,0
356,4,0
503,10,0
1846,44,0
1771,15,0
111,16,0
255,17,0
184,28,0
866,15,0
391,33,0
1133,8,0
1634,19,0
1927,72,0
1867,112,0
1784,235,0
1859,9,0
138,49,0
1619,38,0
1011,65,0
953,15,0
702,9,0
1903,21,0
418,12,0
120,29,0
1934,23,0
1764,50,0
188,10,0
361,31,0
205,33,0
1152,17,0
1791,13,0
1618,8,0
231,12,0
508,4,0
1790,64,0
893,21,0
1942,35,0
1768,76,0
620,37,0
1764,172,0
621,10,0
235,30,0
1095,20,0
1916,30,0
70,34,0
703,69,0
1068,3,0
357,10,0
194,7,0
844,10,0
45,34,0
813,20,0
1957,56,0
1066,20,0
80,7,0
1126,19,0
1767,72,0
1767,64,0
751,27,0
1235,9,0
1765,170,0
1090,7,0
1477,19,0
1376,10,0
846,10,0
1840,38,0
252,24,0
720,21,0
682,56,0
1225,4,0
1791,69,0
1846,19,0
238,40,0
369,8,0
1731,6,0
1740,78,0
162,14,0
1865,39,0
1764,26,0
884,27,0
838,4,0
1312,22,0
832,33,0
1448,26,0
1121,10,0
1484,6,0
955,50,0
1641,21,0
1792,127,0
1919,9,0
1817,45,0
1502,37,0
776,26,0
1756,47,0
55,44,0
635,62,0
181,22,0
706,17,0
1582,53,0
1917,69,0
262,25,0
884,31,0
1598,10,0
1728,51,0
1673,9,0
283,37,0
1948,18,0
888,45,0
42,31,0
1818,42,0
1779,72,0
623,12,0
1453,13,0
725,4,0
1376,18,0
498,5,0
1404,34,0
1235,16,0
238,25,0
1226,24,0
662,9,0
647,28,0
141,8,0
1206,85,0
1858,5,1
1762,79,0
1880,13,0
1777,26,0
1790,14,0
1924,11,0
1824,107,0
1837,11,0
1391,35,0
1934,54,0
258,23,0
74,6,0
1354,10,0
558,7,0
1119,86,0
634,13,0
182,29,0
486,22,0
1126,17,0
834,27,0
1884,48,0
425,24,0
50,3,0
1119,72,0
1367,5,0
288,5,0
732,13,0
1828,18,0
1056,28,0
441,23,0
1603,24,0
1819,39,0
1292,32,0
93,42,0
1750,27,0
1634,25,0
635,48,0
1531,4,0
1558,8,0
1591,10,1
331,7,0
764,31,0
1355,30,0
762,31,0
1820,10,0
1958,22,0
1863,13,1
1779,43,0
1088,12,0
1783,67,0
689,54,0
170,9,1
1039,15,0
1416,13,0
185,24,0
1890,15,0
1451,31,0
1678,39,0
1751,108,0
1349,26,0
700,30,0
131,17,0
115,3,0
347,37,0
636,21,0
941,6,0
525,16,0
1533,34,0
1455,10,0
699,11,0
556,60,0
1785,70,0
133,13,0
490,29,0
121,11,0
104,18,0
1737,43,0
938,21,0
645,19,0
1709,27,0
106,7,0
160,41,0
1754,10,0
946,6,0
414,21,0
1565,47,0
968,3,0
482,19,0
1724,42,0
1961,74,0
525,35,0
1754,13,0
681,23,0
1594,20,0
1758,89,1
1132,10,0
1795,41,0
1954,12,0
1836,21,0
1958,15,0
1150,26,0
958,25,0
556,23,0
1166,25,0
1171,33,0
888,40,0
1642,3,0
833,32,0
590,16,0
253,16,0
833,49,0
1946,49,0
902,33,0
1677,80,0
1678,20,0
678,6,0
1383,15,0
1900,40,0
382,11,0
179,32,0
1448,39,0
1754,34,0
187,8,0
899,14,0
345,11,0
1799,51,0
703,75,0
99,66,0
1031,10,0
1088,15,0
515,28,0
1736,22,0
1916,34,0
1002,19,0
1859,67,0
1225,6,0
309,11,0
1823,37,0
191,16,0
1927,74,0
380,20,0
1776,65,0
1022,14,0
813,8,0
731,12,0
1644,21,0
73,18,0
958,20,0
1945,54,0
955,54,0
1368,16,0
1751,59,0
514,13,0
1093,15,1
661,10,0
911,53,0
70,23,0
726,15,0
1146,9,0
1325,16,0
1858,171,0
1600,30,0
1863,40,1
1777,97,0
750,5,0
204,11,0
482,26,0
1216,31,0
1769,68,0
1763,24,0
1528,34,0
675,12,0
812,43,0
654,9,0
1871,56,0
1206,160,0
776,4,0
430,40,0
1753,141,0
572,35,0
1123,14,0
1200,29,0
338,16,0
225,18,0
415,47,0
1478,29,0
649,3,0
1327,7,0
422,26,0
1858,149,0
1129,8,0
1402,30,0
1768,131,0
813,16,0
571,4,0
653,41,0
1064,23,0
1903,72,0
1664,7,0
652,4,0
49,27,0
1138,18,0
1003,26,0
982,34,0
1827,18,0
1135,16,0
1452,5,0
229,18,0
1285,7,0
544,48,0
854,28,0
1200,34,0
1428,10,0
1007,32,0
1449,6,0
3,29,0
1782,144,0
860,22,0
1384,9,0
1854,7,0
226,15,0
617,6,0
787,39,0
865,2,0
194,38,0
305,24,0
1934,42,0
1154,80,0
14,34,0
165,21,0
262,8,0
911,100,0
1020,22,0
1808,49,0
216,35,0
1753,162,0
1141,8,0
110,23,0
817,31,0
1070,2,0
1769,63,0
1823,13,0
1860,9,0
1598,12,0
185,11,0
953,20,0
734,33,0
295,30,0
1165,30,0
1495,19,0
1376,20,0
819,18,0
317,26,0
1862,21,0
475,6,0
376,13,0
450,19,0
393,11,0
786,5,0
212,16,0
1064,18,0
1352,22,0
1867,83,0
1752,55,0
1404,7,0
1783,117,0
1616,34,0
611,4,0
636,12,0
1068,4,0
117,10,0
632,6,0
627,10,0
1388,47,0
1447,7,1
1931,64,0
1863,46,0
555,30,0
712,6,0
1806,12,0
1875,72,0
1454,30,0
1547,12,0
1772,17,0
913,47,1
309,9,0
1764,139,0
924,31,0
1779,218,0
337,30,0
1325,5,0
1749,26,0
284,12,0
1221,4,0
776,34,0
1221,7,0
1171,38,0
900,17,0
707,26,0
1797,64,0
436,42,0
1927,83,0
131,40,0
1603,21,0
1448,13,1
1646,19,0
446,11,0
357,26,0
1569,43,0
1846,51,0
552,27,0
1030,54,0
4,13,0
1961,27,0
1767,128,0
1748,75,0
648,18,0
1724,32,0
591,36,0
1582,20,0
1066,26,0
1556,6,0
1538,13,0
237,34,0
1508,7,0
1835,59,0
1180,11,0
979,27,0
1520,2,0
1747,5,0
1623,94,0
290,28,0
954,24,0
1779,51,0
160,23,0
819,45,0
1888,21,0
635,37,0
1909,110,0
999,46,0
757,16,1
1640,3,0
1751,21,0
1664,28,0
572,22,0
529,20,0
1163,28,0
1771,119,0
1728,39,0
287,3,0
370,12,0
1709,65,0
865,13,0
638,12,0
1609,20,0
1344,8,0
330,12,0
392,6,0
237,12,0
779,77,0
675,69,0
1911,49,0
162,23,0
812,23,0
1203,16,0
249,40,0
1321,56,1
515,29,0
1544,34,0
809,3,0
377,36,0
1863,22,0
572,13,0
94,35,0
1783,60,0
1452,81,0
1777,61,0
334,12,0
1801,20,0
427,23,0
1572,10,0
739,11,0
217,30,0
1712,11,0
1199,9,0
239,7,0
1273,3,0
1799,23,0
1579,40,0
1962,48,0
117,20,0
187,10,0
205,8,0
1912,46,0
786,36,0
1712,17,0
575,36,0
1740,50,0
1415,29,0
1664,33,0
1780,200,0
1541,24,0
1423,18,1
182,22,0
1095,8,0
144,5,0
1059,19,0
982,38,0
1929,18,0
1394,49,0
1958,9,0
501,23,0
1858,67,0
159,9,0
1785,19,0
1777,46,0
1863,108,0
628,10,0
163,25,0
1949,16,0
1701,26,0
1201,89,0
135,4,0
1415,17,0
349,22,0
1513,30,0
1062,7,0
674,14,0
6,11,0
1619,49,1
996,41,0
1352,9,0
986,7,1
1216,36,0
1778,148,0
410,13,0
1862,44,0
262,23,1
371,20,0
1867,82,0
1773,47,0
1576,29,0
118,7,0
1536,12,0
108,32,0
1033,4,0
697,4,0
105,16,0
910,63,0
679,28,0
12,21,0
844,17,0
915,44,0
911,29,0
943,31,0
1606,5,0
1315,7,0
616,74,0
1888,30,0
252,42,0
643,22,0
1423,15,0
1314,3,0
836,17,0
1779,271,0
343,47,0
860,8,0
1157,15,0
1658,8,1
374,24,0
1392,6,0
1581,36,0
1807,37,0
865,38,0
475,10,0
1775,10,0
1357,18,0
1915,56,0
361,53,1
1442,17,0
151,5,0
142,7,0
622,32,0
1201,64,0
1800,8,0
1309,6,0
1376,12,0
1800,10,0
1363,35,0
621,8,0
777,37,0
267,25,0
1794,176,0
734,24,0
1137,6,0
772,3,0
241,10,0
1623,130,0
366,10,0
288,6,0
799,40,0
1023,34,0
1765,64,0
1616,16,0
965,22,0
698,8,0
1480,18,0
1536,13,0
75,22,0
282,11,0
1237,9,0
1858,110,0
225,12,0
515,5,0
93,44,0
753,9,0
1390,10,0
1758,100,0
570,16,0
1808,58,0
1900,4,0
556,31,0
1140,7,0
1851,19,0
1062,15,0
704,12,0
1128,11,0
1739,6,0
1746,73,0
1060,7,0
1317,8,0
1824,132,0
1934,43,0
886,2,0
672,19,0
1047,7,0
1081,12,0
24,25,0
1895,51,0
546,28,0
1743,57,1
1286,2,0
213,10,0
1237,44,0
1503,42,0
1810,46,0
1297,60,0
1911,39,0
166,25,1
616,8,0
1825,30,0
1549,1,0
1133,22,0
546,49,0
557,17,0
1233,12,0
1621,34,0
1780,9,0
1900,13,0
422,3,0
1733,29,0
788,82,0
626,5,0
1090,23,0
1934,26,0
434,28,0
1815,36,0
1303,22,0
1057,21,0
1823,59,0
121,24,0
810,33,0
881,52,0
1677,62,0
1909,87,0
1959,12,0
1961,8,0
1930,30,0
1914,78,0
241,13,0
1869,22,0
1165,5,0
658,24,0
390,9,0
1602,34,0
608,21,0
400,8,0
1960,11,0
733,15,0
1066,25,0
1731,77,0
1662,36,0
645,18,0
1763,51,0
402,20,0
1863,70,0
1902,17,0
1465,28,0
319,8,0
283,11,0
1700,12,0
1629,24,0
1047,15,0
1862,39,0
649,12,0
572,20,0
817,11,0
910,61,1
1482,45,0
786,13,0
1689,4,0
669,15,0
494,8,0
1899,34,0
1557,14,0
231,48,0
1731,67,0
320,8,0
1620,16,0
1203,14,0
1785,69,0
1701,25,0
866,55,0
1856,10,0
143,72,0
1032,12,0
481,19,0
1776,117,0
157,17,0
1410,41,0
1292,31,0
1926,33,0
127,30,0
824,20,0
1648,21,0
825,13,0
1453,34,0
352,4,0
1649,5,0
1666,17,0
935,29,0
1678,38,0
995,10,0
984,4,0
1746,74,0
940,67,0
1820,47,0
1325,15,0
822,5,0
1902,59,0
1228,24,0
716,21,0
757,17,0
1905,21,0
267,12,0
1349,24,0
968,32,0
1878,52,0
635,5,0
1875,26,0
1702,8,0
1866,53,0
1709,28,0
1481,8,0
1385,32,0
338,27,0
1628,12,0
765,10,0
1871,38,0
1579,30,0
1163,17,0
1762,132,0
930,8,0
101,18,0
297,20,0
99,87,0
1756,41,0
214,13,0
1088,8,0
977,5,0
1122,8,0
799,21,0
633,20,0
1586,18,0
1226,17,0
1295,2,0
1791,30,0
470,10,0
1587,19,0
97,16,0
336,20,0
1677,40,0
1638,28,0
127,28,0
529,13,1
1916,70,0
625,7,0
1604,12,0
672,78,0
1940,10,0
401,15,0
1088,9,0
1581,21,0
555,19,0
53,7,0
513,17,0
604,17,0
1019,18,1
76,22,0
1049,2,0
937,12,0
1768,15,0
1877,11,0
1880,18,0
1055,11,0
1317,10,0
1886,49,0
1228,29,0
844,59,0
1912,55,0
861,24,0
1782,136,0
1792,93,0
1771,65,0
705,21,0
1057,18,0
751,4,0
1134,63,0
747,24,0
1589,26,0
1358,7,0
166,55,0
354,39,0
41,11,0
1470,25,0
132,50,0
955,40,0
1948,3,0
1858,89,0
622,18,0
308,36,1
21,7,0
639,15,0
1643,16,0
877,12,0
1950,7,0
556,73,0
1151,11,0
1134,56,0
638,19,0
600,7,0
386,6,0
1956,35,0
21,4,0
1714,29,0
1724,33,0
1316,23,0
1746,84,0
1623,121,0
499,14,0
974,5,0
1827,42,0
650,8,0
1757,3,0
1735,75,0
499,36,0
573,18,0
1194,15,0
913,5,0
1617,28,0
1090,3,0
1343,18,0
951,9,0
1929,32,0
1824,119,0
1864,177,0
450,21,0
1665,45,0
1870,43,0
1877,33,0
1744,66,0
703,20,0
389,16,0
19,17,0
1402,5,0
1537,11,0
1781,107,0
522,20,1
197,30,0
1713,18,0
1870,19,0
1450,27,0
1011,22,0
469,16,0
1334,19,0
15,33,0
1215,20,0
727,12,0
1741,16,0
397,31,0
1380,7,0
553,16,0
1677,15,0
646,27,0
1028,70,0
1701,56,0
1738,34,0
1622,15,0
469,20,0
1776,33,0
1136,30,0
1492,16,0
1901,45,0
1781,114,0
832,60,0
359,12,0
137,20,0
1061,26,0
1622,62,0
1809,62,0
1628,26,0
217,40,0
1318,43,0
1858,117,0
1864,175,0
419,32,0
1634,43,0
1171,39,0
1784,148,0
1432,26,0
1118,39,0
1851,43,0
1740,74,0
1830,29,0
1765,136,0
975,17,0
736,32,0
1457,16,0
955,33,0
1680,31,0
1758,36,0
352,23,0
24,7,0
1779,127,0
357,18,0
1792,108,0
1640,8,0
1794,165,0
1532,37,0
448,30,0
1221,8,0
570,61,0
1731,84,0
681,20,0
88,29,0
1889,22,0
1077,30,0
1450,13,0
1702,18,0
778,44,0
778,33,0
257,18,0
904,23,0
848,11,0
1747,10,0
689,45,0
1136,27,0
317,15,0
1662,24,0
1793,114,0
1648,12,0
353,36,0
1491,29,0
25,31,0
1961,30,0
832,49,0
1758,3,0
728,18,0
166,35,0
1089,10,0
1780,6,0
635,12,0
178,31,0
1288,15,0
749,5,0
376,12,0
1802,10,0
603,36,0
1912,43,0
621,9,0
1048,6,0
219,13,0
1381,13,0
549,20,0
279,16,0
499,33,0
1896,26,0
1206,10,0
1594,15,0
1134,48,0
560,18,0
191,27,0
1764,130,0
1634,41,0
1564,33,0
1779,219,0
1033,17,0
1346,37,0
1640,13,0
478,43,0
184,34,0
54,3,0
757,8,0
1882,10,0
429,20,0
1422,16,0
1771,115,0
103,9,0
630,17,0
961,17,0
230,26,0
1203,23,0
1315,2,0
789,9,0
356,16,0
811,40,0
1907,19,0
1011,35,0
1405,5,1
1413,15,0
1783,76,0
74,19,0
1600,8,0
1772,22,0
1090,25,0
1545,13,0
1782,45,0
1830,6,0
1144,22,0
1802,72,0
498,28,0
1839,37,0
552,28,0
1911,73,0
1051,7,0
237,13,0
1961,51,0
1124,19,0
320,29,0
1835,27,0
1826,7,0
1713,38,0
1589,8,0
1903,9,0
1936,58,0
1208,11,0
1312,24,0
1894,5,0
1933,22,0
1306,29,0
1153,25,0
1799,43,0
74,23,0
1224,12,0
995,46,0
1542,15,0
165,28,0
1859,66,0
1748,111,0
164,28,0
1917,71,0
881,34,0
1857,20,0
674,90,0
1906,46,0
717,2,0
181,20,0
637,12,0
480,43,0
965,5,0
1434,17,1
1790,69,0
779,93,0
1764,158,0
1705,23,0
1833,3,0
46,11,0
745,14,0
150,14,0
948,25,0
1864,48,0
376,3,0
1955,24,0
1056,11,0
1806,92,0
16,13,0
1862,7,0
635,47,0
1571,4,0
1752,67,0
1,16,0
1195,15,0
977,42,0
1297,13,0
731,3,0
891,27,0
219,38,0
1353,18,0
1847,4,0
1778,101,0
1746,146,0
1905,106,0
1059,44,0
620,4,0
479,27,0
503,11,0
370,14,0
320,22,0
56,33,0
985,7,0
443,23,0
1131,12,0
529,33,0
1451,47,0
1413,36,0
410,23,0
1744,60,0
482,12,0
1867,54,0
496,17,0
1915,61,0
1478,8,0
66,11,0
1861,62,0
1779,212,0
1924,38,0
1933,47,0
53,21,0
558,3,0
33,23,0
1878,58,0
1421,11,0
1649,17,0
263,19,0
1858,209,0
1841,22,0
1362,5,0
1779,19,0
25,15,0
1030,71,0
1758,30,0
866,46,1
836,20,0
1602,21,0
53,11,0
1662,17,0
1309,13,0
528,27,0
1778,114,0
1825,8,0
928,53,0
1540,39,0
866,50,0
141,7,0
686,21,0
431,19,0
1783,129,0
485,28,0
752,19,0
1891,30,0
1634,22,0
442,19,0
1760,44,0
592,15,0
1037,34,0
860,11,0
1507,20,0
1735,35,0
1799,17,0
1875,79,0
139,31,0
561,26,0
1546,31,0
1793,120,0
800,5,0
956,22,0
405,33,0
488,43,0
1767,73,0
739,6,0
923,12,0
1832,3,0
137,11,0
1495,7,0
1945,67,0
709,4,0
1914,20,0
1789,75,0
848,22,0
1765,62,0
1754,46,0
520,8,0
154,9,0
330,11,0
1764,171,0
345,9,0
1233,11,0
1779,275,0
644,20,1
1777,21,0
426,23,0
1953,16,0
1748,46,0
1426,7,0
602,21,0
534,15,0
762,24,0
1886,19,0
732,6,0
591,24,0
575,12,0
1309,44,0
1482,28,0
676,23,0
788,101,0
1875,81,0
1168,22,0
83,4,0
483,3,0
143,63,0
1782,21,0
1688,9,0
702,26,0
357,17,0
1932,35,0
1207,8,0
247,8,0
1357,3,0
1794,137,0
1462,30,0
996,42,0
907,14,0
76,6,0
238,17,0
1929,21,0
151,3,0
785,66,0
27,5,0
1321,51,0
1464,21,0
1741,11,0
1479,4,0
625,26,0
340,18,0
1917,44,0
474,22,0
1954,14,0
59,5,0
45,31,0
1787,31,0
1945,86,0
829,27,0
881,33,0
468,30,0
1773,27,0
138,14,0
954,16,0
1757,38,0
1680,53,0
1495,8,0
709,5,0
1818,60,0
968,40,0
1349,27,0
1756,63,0
1555,64,0
866,7,0
1020,4,0
1666,4,0
484,6,0
526,9,0
1778,138,0
15,13,0
750,13,0
458,4,0
1619,76,0
1764,68,0
801,39,0
1220,30,0
1915,39,0
669,9,0
1588,11,0
981,4,0
1684,19,0
103,16,0
644,33,0
825,15,0
1297,17,0
1917,76,0
544,11,0
471,32,0
172,27,0
735,19,0
1917,136,0
1664,19,0
386,22,0
1445,5,0
1869,5,0
832,62,0
1748,60,0
455,24,0
833,15,0
1449,58,0
480,42,0
721,13,0
944,43,0
811,36,0
1589,6,0
587,3,0
958,8,0
1512,8,0
1724,93,0
884,20,0
491,19,0
501,27,0
1692,20,0
951,19,0
1881,34,0
768,5,0
33,33,0
1029,46,1
717,11,0
1201,27,0
1209,12,0
220,25,0
1594,40,0
1451,18,0
244,24,0
1762,97,0
1465,21,0
1876,28,0
1256,3,0
636,30,0
1905,54,0
217,4,0
681,44,0
1579,50,0
1779,90,0
1905,90,0
1334,48,0
1913,35,0
1480,9,0
892,17,0
334,23,0
1453,14,0
1473,14,0
1637,7,0
1218,34,0
1682,8,0
1683,4,0
1164,8,0
1385,27,0
1865,43,0
1328,3,0
904,48,0
977,38,0
1315,16,0
359,27,0
1820,7,0
669,38,0
1412,17,0
1784,144,0
73,47,0
1368,21,0
750,6,0
205,32,0
891,4,0
218,33,0
1665,2,0
1762,96,1
71,28,0
5,8,0
838,5,0
512,9,0
118,35,0
1832,27,0
669,17,1
508,3,0
1903,87,0
739,9,0
265,21,0
1024,11,0
1019,42,0
1477,4,0
356,14,0
1369,15,0
1308,21,0
1744,12,0
1930,58,0
896,39,0
483,20,0
507,15,0
1537,35,0
378,11,0
1820,22,0
1324,6,0
1458,22,0
817,40,0
1638,39,0
910,9,0
1858,154,0
672,47,1
604,49,0
1332,33,0
1440,13,1
1128,24,0
1783,165,0
1740,16,0
1801,33,0
327,23,0
390,10,0
91,19,0
1880,50,0
1932,42,0
1453,12,0
681,9,0
180,24,0
1478,15,0
1771,31,0
1895,69,0
1884,32,0
1488,2,0
1864,151,0
1447,26,0
1452,91,0
1018,5,0
1705,12,0
1883,33,0
1740,58,0
69,8,0
1746,122,0
290,29,0
160,19,0
436,15,0
258,30,0
207,13,0
1783,54,0
687,14,0
1758,4,0
1948,10,0
1901,46,0
1772,25,0
1653,9,0
1034,65,0
707,22,1
1915,48,0
1661,9,0
1472,37,0
1126,36,0
1382,32,0
1297,23,0
1768,110,0
613,33,0
1532,39,0
1661,64,1
1359,6,0
599,4,0
1661,17,0
311,11,0
216,6,0
647,36,1
1363,36,0
54,16,0
1760,8,0
563,10,0
1782,57,0
544,46,0
1787,101,0
1782,85,0
113,7,0
457,4,0
688,4,0
1839,38,0
1778,131,0
389,5,0
714,49,0
1398,18,0
599,35,0
1133,15,0
1750,35,0
1729,23,0
409,14,0
1801,27,0
1855,11,0
555,41,0
727,18,0
175,17,0
1347,5,0
1027,10,0
1896,24,0
1782,81,0
395,27,0
1039,12,0
1569,17,0
1939,157,1
897,6,0
1824,118,0
1759,32,0
1207,94,0
1819,37,0
1685,12,0
1661,14,0
397,34,0
1430,12,0
1169,6,0
1746,110,0
1851,40,0
1881,5,0
323,27,0
1227,33,0
441,18,0
1817,26,0
1743,43,0
1949,10,0
1960,5,0
1686,21,0
254,4,0
212,28,0
1617,44,0
776,37,0
1781,56,0
824,23,0
374,22,0
876,48,0
47,21,0
881,13,0
820,3,0
1910,11,1
1132,13,1
1782,95,0
856,50,0
1541,20,0
1922,29,0
1311,34,0
1778,66,0
638,4,0
603,87,0
444,20,0
861,29,0
1762,108,0
1364,32,0
383,8,0
778,5,0
1576,36,0
785,42,0
366,29,0
690,4,0
1393,13,0
490,8,0
1724,108,0
143,77,0
1168,38,0
1815,21,0
1008,26,0
1150,15,0
1546,74,0
1711,17,0
1662,27,0
856,45,0
334,15,0
981,11,0
1034,22,0
18,40,0
240,19,0
811,34,0
288,74,0
1119,46,0
14,28,0
840,4,0
1355,20,0
878,7,0
1206,172,0
175,39,0
1772,51,0
551,4,0
1492,39,0
775,60,0
868,26,0
1746,167,0
378,2,0
1297,15,0
1639,6,0
944,7,0
1923,36,1
1158,13,0
856,91,0
1740,39,0
480,41,0
1739,11,0
283,8,0
1904,32,0
1955,29,0
1645,23,0
1718,45,0
1872,36,0
307,13,0
1106,2,0
757,9,0
753,19,1
179,15,0
1745,40,0
1372,12,0
1824,47,0
1780,33,0
241,34,0
1685,35,0
1753,192,0
120,30,0
78,8,0
687,16,0
1777,83,0
1383,11,0
237,7,0
1929,40,0
1941,6,0
834,10,0
385,36,0
1731,33,0
486,32,0
1778,68,0
1462,22,0
1932,49,0
674,35,0
1941,9,0
1752,10,0
1812,18,0
1447,21,0
1864,180,0
818,43,0
1471,9,0
1674,15,0
1929,36,0
138,48,0
1845,16,0
998,37,0
979,41,0
1056,17,0
740,4,0
1919,7,0
1863,80,0
1740,3,0
1892,40,0
1532,13,0
1358,25,0
1636,7,0
1922,18,0
1356,35,0
1933,40,0
178,29,0
1218,46,0
1582,41,0
1014,40,0
702,33,0
1775,60,0
1767,83,0
742,54,0
1638,25,0
736,5,0
1755,41,0
868,14,0
142,10,0
979,5,0
1945,4,0
1573,8,0
887,8,0
488,41,0
1802,14,0
1235,30,0
1162,8,0
1746,111,0
833,44,0
68,56,0
266,4,0
673,8,0
1,8,0
1758,110,0
975,6,0
1207,107,0
772,30,0
1709,61,0
316,11,0
560,6,0
1611,18,0
1725,53,0
742,43,0
1075,58,0
1634,61,0
5,11,0
1210,37,0
1228,57,0
1390,2,0
882,14,0
1746,45,0
842,31,0
1746,4,0
817,42,1
1036,6,0
1828,40,0
1746,103,0
32,32,0
1863,59,0
1925,41,0
444,36,0
1878,47,0
1772,79,0
1917,104,0
1961,21,0
196,40,0
1005,21,0
275,18,0
5,42,0
1661,44,0
290,34,0
1163,56,0
1454,38,0
665,40,0
54,33,0
1704,32,0
667,41,0
1454,46,0
1470,34,0
1896,87,0
187,17,0
499,39,0
1341,8,0
1746,121,0
763,4,0
1924,50,0
1453,16,0
1662,44,0
1452,43,0
1916,57,0
638,10,0
1777,98,0
1171,32,0
1047,1,0
539,35,0
1208,13,0
1237,28,0
769,11,0
810,7,0
898,19,0
1753,138,0
1002,37,0
166,63,0
1871,54,0
1474,13,0
1579,34,0
1520,11,0
1594,34,0
1695,25,0
410,14,0
1794,37,0
1757,13,0
1895,59,0
1789,177,0
1193,6,0
305,17,0
1311,7,0
819,32,0
1441,12,0
18,22,0
33,42,0
1350,9,0
1299,22,0
1311,20,0
132,8,0
1432,21,0
502,18,0
1309,39,0
525,29,0
1678,59,0
1940,42,0
42,26,0
1343,5,0
1709,31,0
31,13,0
1695,18,0
1862,13,0
1794,157,0
1926,26,0
780,61,0
88,12,0
1525,11,0
1769,5,0
145,24,0
1494,10,0
706,7,0
300,35,0
679,20,0
1327,22,0
1062,16,0
118,21,0
1772,48,0
598,8,0
1771,50,0
1528,7,0
299,15,0
1745,66,0
1820,26,0
1717,13,0
1779,195,0
1538,45,0
1091,8,1
1415,3,0
689,51,0
1796,44,0
1414,9,0
1041,38,0
1341,35,0
99,79,0
409,7,0
1363,8,0
19,8,0
649,7,0
450,25,0
996,31,0
961,29,0
1340,13,0
1039,81,0
1831,36,0
248,8,0
158,48,0
1781,109,0
572,31,0
297,3,0
1028,53,0
655,28,0
1770,71,0
150,13,0
602,23,0
482,34,0
874,23,0
1678,95,0
1817,49,0
932,47,0
1839,23,0
110,34,0
942,31,0
1747,86,0
1657,30,0
1331,40,0
956,26,0
1946,10,0
792,7,0
1036,14,0
1397,42,0
1400,9,0
1195,82,0
712,27,0
1047,82,1
1867,38,0
1027,21,0
1688,27,0
466,8,0
867,28,0
1857,18,0
1502,20,0
625,6,0
140,31,0
1707,10,0
844,47,0
369,23,0
625,28,0
725,12,0
50,8,0
1399,10,0
651,14,0
596,16,0
36,7,0
1746,5,0
1914,13,1
1334,41,0
306,40,0
614,26,0
1771,68,0
777,6,0
1746,6,0
227,37,0
882,32,0
766,3,0
1169,56,0
168,2,0
1780,206,0
1235,23,0
1840,11,0
1664,3,0
742,61,1
761,19,0
695,2,0
789,16,0
1616,21,0
1479,31,0
1352,5,0
1193,5,0
71,23,0
578,14,0
1671,11,0
1326,5,0
394,12,0
1395,36,0
1735,61,0
1902,30,0
1831,13,0
957,10,0
80,8,1
1005,31,0
1237,15,0
1913,45,0
1029,24,0
733,14,0
564,11,0
1201,73,0
1835,51,0
1911,66,0
733,7,0
1427,22,0
1375,16,0
1383,21,0
1617,45,0
1792,6,0
1375,38,0
1357,26,0
1907,71,0
747,23,0
33,25,0
1838,6,0
336,36,0
1368,5,0
1853,26,0
1359,17,0
882,70,0
444,42,0
1770,6,0
369,22,0
1474,12,0
826,29,0
372,22,0
384,27,0
1869,13,0
1476,6,0
938,29,0
1767,56,0
762,38,0
24,34,0
334,46,0
1513,11,0
1036,15,0
52,5,0
1918,23,0
240,16,0
1555,85,0
1960,48,0
1668,16,0
1786,50,0
650,4,0
118,31,0
948,14,0
52,24,0
886,23,0
1138,9,0
602,26,0
405,12,0
1116,20,0
1207,26,0
505,19,0
1819,18,0
1206,66,0
1607,26,0
1233,43,0
1626,24,0
1309,32,0
743,11,0
1904,45,0
954,20,0
309,10,0
878,10,0
999,87,0
1876,55,0
1027,8,0
1379,13,0
402,19,0
175,36,0
418,23,1
1709,56,0
1926,44,0
1609,7,0
1440,19,0
560,3,0
705,22,0
799,24,0
1765,86,0
632,32,0
1895,71,0
420,37,0
1221,12,0
1422,18,0
1858,30,0
1339,31,0
1621,19,0
1230,7,0
432,12,0
299,14,0
1693,49,0
1134,77,0
1324,20,0
77,5,0
1789,12,0
1821,49,0
1866,30,0
573,8,0
506,19,0
111,26,0
1900,14,0
1343,15,0
800,24,0
1675,16,0
1635,11,0
625,25,0
492,4,0
1167,10,0
1769,26,0
1745,129,0
1523,34,0
1875,25,0
85,20,0
918,6,0
1937,6,0
1321,7,0
353,35,0
1322,5,0
1954,24,0
323,12,0
1133,9,0
854,13,0
1612,37,0
866,28,0
1124,9,0
891,2,0
1865,104,0
934,40,0
27,20,0
380,5,0
1677,37,0
1465,6,1
1739,10,0
1793,26,0
112,18,0
1168,28,0
1793,56,0
865,6,0
1227,32,0
1305,27,0
761,20,0
1068,17,0
1162,13,0
1959,24,0
1550,92,0
1762,117,0
1796,33,0
604,16,0
1651,5,0
397,22,0
556,22,0
456,6,0
1719,14,0
712,33,0
1677,38,0
1837,44,0
596,7,0
1800,19,0
1196,6,0
1759,9,0
778,6,0
1293,55,0
1590,7,0
529,47,0
173,8,0
348,17,0
1868,68,0
561,18,0
1767,65,0
1762,80,0
1855,55,0
1782,224,0
743,29,0
1151,12,0
569,5,0
1839,36,0
1149,14,0
1951,12,0
84,11,0
1391,15,0
1033,8,0
1570,79,0
1445,7,0
1747,34,1
691,40,0
1858,14,0
1657,37,0
1870,35,0
742,30,0
291,20,0
909,32,0
1862,47,0
691,59,0
774,26,0
736,12,0
288,17,0
691,3,0
1286,34,0
654,29,0
246,22,0
1347,4,0
1286,31,0
1170,9,1
674,92,0
1830,20,0
1061,11,0
23,23,0
787,6,0
1709,66,0
1961,55,0
476,22,0
1617,4,0
1502,88,0
554,12,0
123,5,0
1955,10,0
337,15,0
417,20,0
687,3,0
426,42,0
1850,4,0
247,11,0
1759,6,0
1738,23,0
144,17,0
1948,19,0
377,35,0
354,33,0
1027,17,0
450,16,0
1824,80,0
1058,17,0
703,64,0
1762,64,0
113,23,0
615,33,0
714,56,0
63,11,0
1747,63,1
1943,26,0
1623,95,0
855,9,0
1688,10,1
1407,42,0
38,11,0
1453,21,0
13,5,0
1929,14,0
426,41,0
965,24,0
1745,92,0
1639,24,0
1772,78,0
1823,3,0
1844,13,0
1836,13,0
1206,181,0
738,5,0
87,16,0
1545,12,0
1157,4,0
20,14,0
1579,18,0
654,21,0
1797,54,0
1124,20,0
1146,22,0
884,32,0
1779,77,0
1753,243,0
774,27,0
682,46,0
626,7,0
1767,61,0
1715,16,0
1429,7,0
1712,24,0
1542,10,0
180,22,0
1426,34,0
1782,244,0
470,15,0
880,6,0
1793,108,0
764,22,0
131,30,0
779,28,0
395,25,0
513,25,0
1383,33,0
21,30,0
1762,17,0
1707,17,0
1902,9,0
1775,94,0
643,53,0
384,11,0
1909,69,1
481,18,0
76,18,0
147,15,0
1847,14,0
512,18,0
1474,14,0
60,7,0
947,6,0
571,14,0
1935,24,0
1601,6,0
238,31,0
1848,44,0
426,48,0
1201,28,0
1188,20,0
1780,32,0
1746,129,0
867,67,0
674,15,0
1363,12,0
1440,20,0
1570,49,0
1831,32,0
1413,17,0
1621,89,0
1909,45,0
1875,15,0
466,4,0
15,21,0
3,25,0
388,10,0
1800,40,0
1450,34,0
1322,11,0
131,37,0
1889,33,0
359,13,0
584,46,0
1037,24,0
1118,5,0
1464,26,0
470,13,0
1484,41,0
1426,18,0
1128,1,0
1376,26,0
401,12,0
1500,26,0
1219,7,0
866,3,0
1600,6,0
1875,107,0
1538,36,0
880,8,0
1915,44,0
1924,17,0
1334,36,0
1902,49,0
1753,106,1
616,14,0
999,31,0
1896,82,0
1800,38,0
1927,85,0
1087,4,0
41,13,0
1568,20,0
915,42,0
625,23,0
1828,45,0
1309,8,0
1736,33,1
1837,40,0
540,7,0
1922,6,0
1199,19,0
1780,80,0
1902,34,0
832,12,0
1589,25,0
1859,36,0
33,22,0
942,38,0
1815,28,0
1579,49,0
994,11,0
157,21,0
779,70,0
848,37,0
1903,44,0
958,19,0
1950,51,1
468,20,0
673,15,0
1896,50,0
1868,26,0
392,13,0
111,19,0
1450,43,0
1874,53,0
1194,54,0
1884,26,0
982,30,0
549,21,0
1684,6,0
1899,30,0
87,3,0
1846,63,0
1776,180,0
336,21,0
1,26,0
1719,25,0
154,10,0
1886,50,0
297,4,0
768,17,0
1817,41,0
199,48,0
1686,13,0
710,22,0
1503,3,0
374,11,0
1781,116,0
1940,37,0
1830,3,0
41,19,0
1315,4,0
1872,11,0
153,15,0
1305,7,0
1687,16,0
659,6,0
1803,39,0
1356,31,0
1882,59,0
1792,141,0
806,4,0
1566,34,0
1345,32,0
95,36,0
613,7,0
1886,40,0
910,57,0
1729,16,0
1753,169,0
956,21,0
185,9,0
904,46,0
1297,48,0
893,15,0
189,21,0
645,22,0
704,19,0
297,34,0
1747,30,0
887,34,0
295,6,0
1015,4,0
1822,24,0
1555,27,0
1360,32,0
1523,15,0
1555,16,0
1047,64,0
389,7,0
1881,29,0
1888,14,0
1620,17,0
780,38,0
1905,101,0
1442,3,0
1747,51,0
1854,39,0
1864,181,0
426,40,0
1892,78,0
1772,10,0
745,8,0
1881,31,0
1544,24,0
1529,8,0
1145,38,0
1682,13,0
1449,89,0
645,30,0
844,44,0
1645,17,0
914,1,0
1630,34,0
1206,86,0
732,15,0
53,14,0
1854,25,0
1947,9,0
999,7,0
1867,8,1
196,14,0
1634,49,0
1661,16,0
1957,24,0
1031,19,0
333,17,0
824,21,0
1221,29,0
1448,31,0
145,9,0
1858,49,0
1811,10,0
1434,30,0
682,67,0
1746,156,0
478,39,0
1623,13,0
817,41,0
1794,58,0
1637,15,0
963,12,0
436,50,0
1216,37,0
761,10,0
892,22,0
522,23,1
924,4,0
1491,15,0
582,8,0
467,26,0
1126,38,0
1863,14,0
1944,33,0
1767,82,0
1449,27,0
1667,19,0
236,17,0
70,3,0
1119,82,0
1767,170,0
663,24,1
312,38,0
1561,42,0
1308,19,0
1937,15,0
1757,25,0
1373,23,0
829,16,0
618,8,0
891,3,0
763,12,0
208,16,0
1508,4,0
1778,63,0
323,18,0
256,9,0
682,43,0
1818,86,0
1005,18,0
308,26,0
1413,41,0
1327,24,0
1346,32,0
1029,51,0
32,31,0
979,20,0
1434,19,0
1903,29,0
1634,5,0
888,24,0
451,10,0
1895,37,0
1036,18,0
499,12,0
1397,31,0
1380,5,0
1794,246,0
1929,33,0
622,4,0
217,18,0
17,3,0
160,39,0
1004,23,0
500,5,0
1778,112,0
