37,1,0
307,3,0
427,49,0
80,24,0
455,28,0
49,54,1
182,4,0
398,28,1
514,22,0
421,20,0
96,1,0
84,2,0
233,17,0
90,21,0
431,11,0
519,41,0
138,45,0
82,19,0
321,7,1
453,51,0
341,13,0
132,32,0
67,11,0
326,18,0
324,5,0
427,1,0
233,20,0
41,7,0
501,31,0
450,11,0
248,6,0
486,4,1
136,25,0
418,15,0
254,8,0
240,14,0
252,4,0
277,29,0
290,6,0
183,15,0
446,5,0
363,4,0
36,13,0
133,14,0
180,5,0
517,6,0
146,3,0
90,5,0
436,11,0
174,19,0
138,41,0
313,38,0
296,6,0
143,29,0
528,5,1
452,10,0
235,12,0
251,12,0
11,2,0
176,4,0
66,5,0
267,1,0
331,16,0
83,11,0
402,31,1
243,6,0
260,4,0
135,7,1
439,4,0
133,12,0
212,3,0
35,28,0
58,6,0
50,20,0
293,12,0
214,38,0
187,25,0
72,34,1
241,17,0
42,33,0
453,39,0
308,22,0
351,34,0
218,16,0
11,5,0
359,2,0
444,43,0
533,23,0
520,8,0
45,14,1
111,5,0
335,20,0
201,8,0
353,10,0
172,13,0
330,6,0
453,41,0
138,50,0
348,4,0
234,9,0
395,29,0
277,31,0
327,7,0
149,7,0
220,27,0
206,7,0
239,16,0
20,8,0
83,12,0
134,14,0
397,2,0
65,2,1
420,14,0
182,7,0
477,13,0
534,8,0
48,44,0
42,52,0
237,11,1
236,13,0
109,4,0
39,3,0
462,4,0
187,27,0
133,18,0
70,23,1
39,13,0
354,7,0
180,4,0
169,35,0
267,12,0
51,28,0
134,19,0
132,13,0
267,8,0
35,19,0
382,16,0
106,23,0
240,5,0
42,18,0
341,47,0
485,13,0
270,23,0
429,1,0
211,3,0
338,6,0
38,23,0
338,5,0
92,2,0
10,7,0
514,10,0
314,9,0
518,11,0
353,14,0
70,34,0
299,4,0
28,4,0
144,30,0
216,9,0
86,36,0
77,5,0
28,8,0
58,12,0
121,28,0
273,51,0
275,18,0
491,14,0
351,30,0
119,18,0
512,6,0
427,50,0
441,16,0
498,7,0
214,1,1
183,11,0
273,19,0
249,23,0
216,24,0
185,10,0
49,103,0
307,20,0
81,2,1
43,2,0
378,4,0
66,9,1
79,8,0
444,24,0
264,20,1
413,31,0
198,15,0
490,12,0
431,12,0
211,5,0
18,17,0
40,11,0
84,9,0
215,12,0
75,8,0
83,17,0
327,12,0
475,7,0
182,1,0
89,10,0
380,13,0
95,21,0
27,28,0
200,2,0
245,4,0
128,6,0
172,5,1
372,13,0
433,4,0
423,22,0
35,1,1
452,21,0
504,25,0
219,8,0
481,31,0
505,11,0
149,8,0
319,14,0
497,31,0
476,13,1
182,5,0
70,35,1
460,33,0
39,12,0
171,23,1
459,21,0
76,17,0
308,4,0
480,2,0
455,33,0
76,5,0
256,16,0
137,20,0
315,4,0
394,17,0
255,16,0
448,8,0
372,23,0
198,36,0
324,11,0
42,37,0
193,13,0
206,39,0
350,7,0
138,10,0
207,1,0
144,21,0
320,7,0
52,10,0
356,31,0
460,26,0
383,17,0
212,26,0
331,15,0
457,9,1
39,49,0
286,58,0
420,15,0
453,22,0
349,17,0
245,25,0
155,5,0
44,3,0
519,21,0
80,19,0
434,12,0
479,29,1
70,36,0
167,2,0
43,7,0
48,96,0
435,14,0
80,25,0
484,10,0
1,3,1
339,29,0
68,1,0
73,13,1
15,20,0
50,15,0
498,9,0
247,6,0
412,20,0
385,15,0
125,8,0
49,96,0
453,14,0
326,10,0
403,39,0
296,29,0
222,5,0
16,15,0
250,15,0
421,22,0
39,6,0
293,8,0
80,23,1
351,24,0
66,10,0
459,2,1
81,3,0
126,7,0
185,16,0
428,2,0
294,14,0
271,17,0
258,17,0
446,45,0
270,33,0
190,4,0
292,11,0
40,1,0
394,19,0
314,13,0
49,55,0
245,5,0
416,6,0
297,12,1
348,9,0
444,38,0
265,4,0
199,7,0
212,1,0
472,1,0
450,6,0
55,2,0
464,2,0
327,6,0
352,4,0
72,14,0
95,2,0
258,41,0
480,19,0
174,17,0
22,28,0
10,24,0
480,13,0
385,2,0
299,9,1
75,6,0
181,37,0
8,9,0
350,3,0
286,46,0
285,18,0
80,18,1
377,9,1
64,1,0
67,12,1
4,29,0
254,10,0
166,8,0
84,3,0
480,25,1
520,7,0
251,14,0
17,5,0
255,10,0
528,6,0
432,2,0
430,9,0
72,4,0
460,37,0
66,18,0
177,10,0
515,14,0
49,61,0
259,26,0
529,28,0
194,9,0
493,15,0
432,7,1
77,3,0
508,5,0
361,13,0
437,38,0
342,10,1
479,24,0
325,3,0
278,14,0
165,14,0
305,6,0
5,13,0
338,4,0
75,7,1
497,21,0
486,1,0
342,11,1
413,5,0
236,9,0
512,7,0
422,3,0
403,25,0
77,1,0
515,13,0
475,5,0
495,16,0
443,32,0
50,22,0
94,22,0
4,17,0
444,41,0
142,32,1
507,17,0
224,26,0
0,16,0
182,16,0
71,14,0
479,3,0
430,18,0
48,15,0
86,5,0
95,9,0
382,13,0
414,28,0
14,19,0
428,6,0
489,49,0
368,19,0
38,3,0
525,8,0
127,12,0
245,6,0
478,15,0
383,28,0
192,9,0
70,40,0
435,13,0
206,50,0
49,31,0
197,11,0
172,6,0
313,3,0
258,45,1
296,16,0
106,25,0
258,15,0
362,2,0
470,14,0
212,24,0
44,15,0
86,1,1
94,15,0
374,23,1
437,27,0
479,28,0
285,3,0
249,15,0
455,57,0
502,30,0
138,25,0
137,18,0
433,32,0
248,8,0
167,11,0
38,12,0
286,9,0
178,4,0
5,33,0
168,35,0
514,5,0
513,33,0
286,34,0
182,72,0
310,14,0
269,27,0
429,12,0
292,9,0
525,15,0
65,7,0
435,7,0
144,34,0
313,23,0
447,30,0
48,43,1
481,3,0
220,12,0
71,45,0
416,4,0
403,10,0
113,15,0
76,4,1
287,10,0
105,8,0
277,8,0
455,1,0
57,13,1
469,9,0
286,67,0
497,25,1
169,26,0
369,16,0
303,8,0
400,22,0
212,27,0
169,36,0
352,2,1
417,22,0
35,26,0
216,38,0
443,15,0
412,31,0
329,3,0
212,4,0
58,4,0
187,22,0
397,5,0
428,28,0
447,31,0
97,10,0
511,27,0
67,13,0
420,12,0
393,9,0
421,14,0
120,31,0
120,2,0
126,1,0
252,3,0
44,7,0
48,61,0
206,38,0
70,30,0
452,3,0
313,11,0
447,59,0
500,27,0
427,33,0
10,25,0
146,11,1
385,1,0
242,30,0
223,23,0
303,41,0
374,6,0
265,5,0
262,9,0
74,9,0
163,5,0
182,15,0
332,18,0
35,4,0
380,18,0
179,9,0
90,24,0
483,13,0
78,33,0
72,13,0
176,14,0
169,5,0
497,15,0
385,6,1
84,13,0
432,1,1
299,13,0
58,14,0
433,40,0
290,7,0
467,6,0
308,3,0
212,6,0
31,5,0
450,4,0
430,37,0
444,3,0
400,31,0
48,29,0
434,27,0
248,15,1
90,14,0
9,26,0
515,15,0
466,11,0
496,5,0
519,10,1
219,10,0
10,6,1
5,12,1
396,4,0
291,3,0
251,9,0
218,27,0
73,4,0
398,25,0
66,26,0
124,13,0
21,7,0
319,7,0
79,12,1
313,30,0
133,35,0
18,8,0
17,14,0
179,19,0
33,17,0
394,16,1
527,13,0
453,70,0
39,38,0
2,21,0
117,4,0
39,48,0
319,25,0
57,19,0
327,5,0
489,30,0
372,22,0
133,19,0
512,8,0
472,12,0
160,14,0
272,6,0
469,12,0
76,16,0
433,25,0
48,103,0
305,12,0
410,3,0
110,2,0
255,2,0
214,18,0
85,34,0
74,24,0
243,10,0
385,11,0
433,24,0
49,9,1
200,10,0
86,6,0
83,26,0
327,13,0
263,18,0
150,6,0
505,14,0
4,21,0
497,26,0
368,25,0
45,20,0
27,7,0
120,34,0
180,18,0
447,14,0
46,28,0
1,20,0
359,9,0
5,35,0
262,14,0
165,8,0
487,7,0
518,10,0
259,28,0
296,36,0
205,23,0
197,7,0
124,5,0
421,13,0
198,5,1
444,48,0
499,15,0
269,37,0
491,8,0
531,9,0
381,24,0
30,10,0
119,31,0
132,31,0
312,3,0
432,6,0
406,15,0
65,15,0
342,5,0
479,16,1
112,3,0
349,20,0
447,21,0
357,1,0
146,28,0
182,73,0
233,19,0
291,5,0
263,16,0
395,3,0
212,56,0
336,8,0
519,45,0
194,7,0
435,11,0
486,3,0
188,6,0
342,12,0
66,3,0
434,13,0
49,15,0
428,15,0
43,6,0
218,9,0
16,20,0
352,3,0
450,23,0
433,43,0
505,23,0
363,16,0
485,9,0
119,39,0
529,20,0
138,48,0
337,1,0
68,2,0
440,27,0
374,16,1
323,49,0
381,23,0
106,24,0
417,18,0
472,7,0
138,28,0
399,52,0
397,8,0
76,2,0
247,7,0
467,33,0
138,29,0
511,8,0
182,17,0
144,5,0
393,11,0
5,55,0
345,4,0
395,1,0
463,8,0
509,5,0
49,29,0
262,10,0
72,22,0
200,1,0
323,6,0
224,27,0
81,1,0
511,35,0
400,29,1
453,71,0
95,20,1
53,7,1
107,4,0
80,17,0
452,13,0
360,10,0
297,8,0
315,7,0
400,17,1
374,7,0
363,5,0
48,54,1
296,33,0
493,2,0
267,6,0
178,3,0
247,8,0
223,24,0
106,13,0
10,5,0
307,15,0
48,31,0
73,14,0
67,14,0
333,9,0
444,26,0
459,8,0
95,18,0
467,24,0
453,54,0
66,19,0
286,39,0
222,4,1
201,13,0
444,77,0
72,3,0
406,13,0
149,16,0
177,12,0
490,22,0
514,23,0
272,9,0
225,19,0
396,2,0
500,18,0
479,36,0
437,8,0
412,16,0
334,1,0
447,54,0
49,44,0
72,33,0
184,7,0
74,15,1
344,41,0
433,15,0
127,8,0
186,17,0
514,21,0
340,3,0
48,9,1
66,2,0
263,9,0
60,1,0
498,20,0
45,3,0
216,21,0
433,22,0
248,10,0
199,9,0
271,22,0
439,1,0
110,11,0
460,25,1
138,24,0
123,11,0
446,20,0
412,34,1
39,60,0
433,2,0
342,14,0
255,6,0
73,15,0
154,16,0
77,2,1
326,9,0
485,2,0
3,36,0
10,10,0
48,55,0
375,9,1
49,43,1
29,10,0
451,10,0
75,2,0
22,7,0
166,14,0
430,1,0
498,15,0
70,37,0
201,16,0
490,2,0
529,1,0
38,4,0
36,18,0
345,54,0
43,12,0
82,12,0
201,32,0
400,51,0
497,32,0
73,5,0
528,8,0
292,10,0
490,28,1
323,46,0
249,27,0
477,10,0
