253,7,0
105,7,0
115,8,0
372,1,0
457,23,0
486,22,0
256,39,0
181,50,0
41,8,0
309,8,0
249,21,0
171,51,0
387,24,0
170,15,0
180,26,0
325,23,0
265,37,0
414,6,0
351,3,0
391,4,0
374,5,0
250,46,0
265,17,0
473,38,0
371,21,0
192,37,0
220,31,0
445,29,0
267,17,0
37,8,0
143,15,0
231,42,0
394,1,0
309,47,0
157,8,0
38,6,0
178,5,0
332,20,0
347,56,0
111,34,0
326,49,0
449,15,0
360,22,0
390,17,0
482,14,0
27,12,0
483,18,0
309,54,0
426,3,0
330,56,0
286,28,0
282,20,0
341,1,0
158,26,0
366,9,0
467,15,0
457,19,0
94,24,0
180,8,0
230,2,0
366,4,0
338,11,0
266,10,0
241,18,0
53,18,0
267,12,0
436,18,0
10,9,0
394,9,0
77,27,0
97,4,0
477,11,0
278,4,0
287,1,0
94,13,0
80,13,0
209,11,0
430,14,0
409,23,0
282,23,0
320,9,0
76,5,0
357,2,0
192,33,0
347,69,0
146,13,0
337,13,0
280,14,0
355,36,0
347,52,0
53,11,0
258,28,0
86,24,0
177,38,0
325,32,0
442,17,0
309,49,0
375,29,0
62,10,0
378,8,0
276,19,0
229,4,0
173,17,0
181,13,0
324,29,0
14,27,0
335,8,0
389,14,0
320,3,0
481,34,0
246,12,0
371,16,0
352,11,0
67,6,0
486,11,0
97,8,0
383,3,0
178,7,0
292,23,0
434,22,0
325,38,0
268,42,0
383,17,0
171,65,0
401,9,0
183,9,0
259,10,0
277,13,0
392,28,0
334,15,0
326,11,0
419,14,0
112,29,0
360,5,0
238,29,0
78,26,0
89,13,0
426,1,0
325,42,0
252,25,0
246,19,0
284,15,0
433,9,0
282,27,0
0,48,0
71,9,0
77,37,0
256,19,0
181,1,0
387,33,0
291,4,0
288,29,0
482,18,0
456,20,0
97,3,0
264,24,0
417,13,0
481,5,0
366,15,0
372,42,0
105,15,0
323,33,0
37,7,0
68,21,0
83,4,0
258,23,0
378,24,0
474,9,0
94,23,0
486,23,0
311,5,0
353,7,0
260,10,0
127,26,0
364,9,0
215,5,0
396,13,0
280,21,0
347,79,0
334,14,0
360,19,0
262,18,0
283,2,0
253,24,0
148,27,0
321,2,0
323,3,0
109,39,0
111,30,0
330,35,0
308,24,0
309,42,0
355,2,0
180,11,0
324,56,0
51,14,0
452,16,0
120,4,0
160,12,0
268,13,0
255,7,0
291,14,0
0,19,0
155,11,0
294,15,0
309,44,0
311,1,0
292,7,0
481,41,0
120,7,0
275,22,0
365,7,0
430,8,0
256,3,0
186,31,0
108,34,0
84,3,0
354,19,0
398,15,0
111,36,0
84,14,0
180,30,0
199,5,0
425,14,0
271,6,0
338,9,0
81,11,0
266,7,0
402,19,0
82,9,0
307,9,0
332,22,0
462,25,0
426,23,0
326,28,0
248,19,0
353,10,0
363,20,0
442,6,0
117,17,0
400,26,0
246,21,0
258,30,0
383,24,0
11,8,0
260,41,0
301,15,0
84,13,0
467,18,0
360,37,0
336,24,0
270,15,0
267,24,0
11,13,0
314,27,0
105,2,0
292,16,0
208,38,0
303,20,0
158,27,0
220,19,0
381,16,0
279,10,0
165,50,0
352,25,0
187,2,0
150,15,0
227,18,0
243,22,0
324,19,0
209,20,0
322,17,0
414,2,0
271,24,0
108,31,0
256,41,0
167,37,0
452,17,0
246,2,0
267,36,0
434,19,0
112,25,0
78,30,0
171,19,0
464,7,0
282,6,0
144,27,0
479,27,0
473,2,0
448,41,0
421,22,0
256,47,0
250,28,0
363,3,0
346,7,0
183,7,0
202,12,0
368,12,0
366,23,0
181,38,0
256,16,0
259,33,0
467,20,0
323,39,0
217,16,0
379,8,0
383,20,0
320,21,0
399,28,0
273,23,0
49,11,0
292,12,0
74,3,0
390,20,0
172,30,0
131,16,0
369,31,0
335,15,0
183,17,0
252,5,0
247,41,0
414,20,0
260,25,0
394,2,0
488,4,0
371,12,0
173,15,0
360,8,0
196,17,0
99,7,0
102,19,0
327,41,0
197,12,0
325,43,0
289,15,0
459,15,0
198,5,0
460,10,0
301,11,0
9,5,0
467,12,0
91,7,0
228,19,0
361,11,0
210,13,0
256,25,0
169,26,0
369,14,0
212,20,0
256,17,0
320,11,0
442,19,0
363,10,0
278,12,0
148,20,0
262,13,0
9,23,0
350,10,0
265,14,0
152,6,0
390,19,0
249,11,0
476,6,0
154,24,0
154,14,0
311,8,0
31,6,0
263,10,0
340,2,0
101,2,0
484,28,0
443,19,0
324,21,0
248,17,0
369,3,0
324,63,0
83,6,0
326,18,0
78,15,0
378,23,0
412,11,0
389,8,0
181,15,0
289,3,0
326,7,0
181,19,0
109,25,0
387,19,0
83,13,0
354,2,0
259,5,0
284,5,0
399,26,0
187,20,0
249,17,0
282,14,0
27,11,0
103,34,0
457,14,0
353,4,0
340,32,0
59,3,0
486,5,0
85,2,0
241,30,0
419,22,0
263,21,0
251,6,0
324,20,0
283,11,0
450,8,0
460,5,0
257,6,0
403,3,0
114,6,0
259,12,0
401,20,0
161,22,0
325,3,0
400,32,0
0,43,0
235,32,0
178,15,0
32,3,0
485,20,0
482,8,0
257,28,0
45,13,0
111,32,0
361,32,0
155,3,0
474,22,0
285,3,0
446,11,0
434,24,0
325,41,0
86,18,0
481,35,0
225,17,0
394,8,0
180,31,0
57,12,0
205,4,0
236,26,0
250,33,0
236,23,0
361,56,0
323,5,0
400,22,0
267,35,0
164,49,0
265,24,0
196,9,0
347,31,0
259,7,0
291,10,0
165,44,0
28,8,0
168,13,0
169,35,0
114,13,0
172,3,0
248,20,0
452,22,0
323,48,0
299,19,0
181,40,0
262,8,0
257,33,0
414,4,0
111,27,0
263,16,0
323,44,0
320,15,0
259,15,0
368,33,0
52,16,0
377,17,0
470,7,0
323,26,0
45,11,0
309,5,0
311,15,0
251,16,0
426,29,0
311,14,0
277,29,0
295,10,0
323,19,0
139,8,0
421,46,0
180,33,0
341,23,0
173,19,0
343,57,0
276,2,0
