648,7,0
659,24,1
151,2,0
562,5,0
1011,15,0
898,12,0
855,1,0
394,14,0
155,19,0
675,5,1
939,4,0
462,15,1
1285,20,1
597,9,0
597,12,0
251,16,0
114,10,0
278,13,0
533,3,0
961,13,0
953,6,0
919,24,0
1076,5,0
746,33,0
864,9,0
394,17,1
1264,11,0
977,24,1
1280,10,0
1261,6,1
392,19,1
410,7,1
394,6,0
642,27,1
304,36,0
1209,9,1
462,17,0
1202,9,1
148,16,1
217,33,0
1282,8,0
59,26,0
196,4,1
936,6,0
1,13,1
53,8,0
319,5,1
222,14,1
1027,7,1
668,11,0
1081,11,0
1145,8,0
174,10,0
1150,6,1
645,11,1
878,6,1
940,7,1
1215,4,1
92,12,0
1106,8,0
1231,13,0
1270,15,0
279,18,0
986,6,0
59,8,0
967,23,1
784,18,0
660,16,1
985,10,0
263,15,0
964,26,1
1091,5,0
804,15,0
480,8,0
40,3,0
718,3,1
294,4,0
332,7,1
529,13,0
155,18,1
1166,1,1
52,3,0
1107,16,0
876,1,0
548,18,0
1270,5,0
599,7,0
430,11,1
947,1,1
655,9,1
194,26,0
1299,30,1
440,15,1
812,13,0
1018,1,0
1174,25,0
1275,6,1
1222,8,0
152,21,0
639,4,1
378,26,0
301,15,0
816,6,1
441,40,0
74,11,1
1201,32,0
164,5,0
19,34,0
121,25,1
546,6,1
131,12,0
845,9,0
684,11,1
195,18,1
245,25,0
740,22,1
1122,7,0
42,17,0
124,11,1
1079,8,0
983,1,0
838,7,1
812,7,0
741,17,0
903,17,1
19,39,1
37,4,0
841,20,0
31,12,0
170,14,0
45,3,1
304,31,0
600,3,1
1132,20,0
794,5,1
9,14,1
94,19,1
1132,22,1
610,11,0
1022,20,1
109,40,1
711,12,1
397,9,0
1031,4,1
841,55,1
1147,1,0
1053,6,1
1204,6,1
114,1,0
891,4,0
990,1,1
173,3,1
428,50,1
847,8,0
1122,15,1
37,11,0
227,26,0
902,2,0
961,8,0
978,6,1
454,6,0
346,8,1
1249,16,1
844,27,0
1187,8,0
847,15,0
883,5,1
420,3,0
1076,8,0
1188,6,0
975,9,0
824,3,0
1060,11,1
45,4,0
17,20,1
705,2,0
878,1,1
257,14,0
1270,20,0
532,6,1
1051,3,0
926,3,1
428,34,1
143,26,0
170,17,0
659,20,1
173,5,1
945,11,0
701,3,1
889,4,0
1154,6,0
143,15,1
1048,14,1
814,3,0
1031,17,1
833,14,0
507,32,0
1278,8,0
5,5,0
1032,15,1
158,8,0
848,20,0
439,8,0
186,15,0
388,7,1
507,17,1
1261,15,1
389,3,1
158,20,0
925,1,0
714,14,1
391,23,0
663,15,0
313,3,1
664,11,0
187,37,0
359,18,0
144,11,0
691,10,0
848,12,0
1092,21,0
689,16,0
175,35,0
744,6,0
1291,12,0
875,8,1
1295,9,0
1074,16,1
649,7,0
318,1,0
740,24,1
1063,9,0
169,10,0
1037,11,0
882,3,0
950,7,0
925,22,0
1299,17,1
993,5,0
332,12,1
1049,4,0
1145,9,1
968,8,1
502,6,0
75,1,0
645,22,0
791,5,0
1022,9,1
489,21,0
880,2,1
876,14,0
661,12,1
496,29,0
632,7,0
666,14,0
445,34,0
1257,14,1
59,15,0
1235,16,1
1113,1,0
841,76,1
634,21,0
320,7,0
602,5,0
1018,21,0
152,35,1
402,1,0
838,12,0
1069,10,0
1198,2,1
617,17,1
718,16,1
19,17,0
689,19,1
1063,5,0
38,15,1
716,5,0
993,7,1
858,11,0
232,3,1
360,27,1
833,3,0
1002,3,0
655,3,1
212,25,1
1052,12,1
1185,13,0
449,15,0
1286,6,0
1195,1,0
1174,14,0
245,19,1
156,7,0
335,5,0
163,12,0
372,15,1
386,12,0
494,22,0
967,16,1
681,35,0
894,4,0
186,8,1
925,30,0
1246,7,0
828,8,1
462,19,0
1288,11,0
853,1,0
557,4,0
1297,4,1
1166,2,0
890,6,0
156,13,1
49,4,0
946,3,0
74,15,0
497,6,1
1113,14,0
441,25,0
390,9,0
841,16,1
182,6,0
266,33,1
1200,6,0
507,31,1
718,1,1
94,6,1
1141,3,1
1189,6,0
686,14,1
1233,13,1
665,18,0
968,18,0
543,13,0
1235,39,0
222,25,1
5,7,0
597,3,0
969,10,0
995,12,0
887,11,0
714,21,1
337,28,1
356,8,0
559,1,0
962,14,0
353,6,1
1112,11,1
954,8,1
679,6,1
709,3,1
714,19,0
684,13,0
557,24,0
537,21,0
212,26,1
636,1,0
972,34,1
676,4,1
1278,10,0
266,24,0
1259,3,0
69,19,0
1240,19,0
1265,6,0
14,16,0
1243,8,0
263,8,0
944,1,1
235,9,0
317,11,0
420,20,0
659,16,1
978,3,1
924,11,0
210,10,0
359,1,0
337,11,0
408,16,0
115,9,0
1058,4,0
968,9,0
914,23,0
106,8,1
1091,10,1
73,5,0
884,15,0
1143,1,1
1299,21,0
1052,11,0
810,3,1
331,11,0
535,5,0
1059,2,0
613,2,0
705,12,0
665,20,0
1197,28,0
91,7,0
589,33,0
193,26,0
989,11,1
750,6,1
336,13,0
309,16,1
41,5,0
532,2,1
1235,44,1
694,7,0
590,15,0
1052,18,0
1155,9,0
361,8,1
543,24,1
862,12,1
930,15,0
1234,38,0
18,18,0
332,17,1
227,10,0
1205,20,0
645,4,0
1197,24,0
1234,51,0
600,7,0
137,12,1
65,28,0
217,13,0
948,16,1
1166,19,0
925,34,0
1247,6,1
325,3,1
925,20,0
893,9,1
1056,4,0
946,1,0
312,1,0
223,9,0
440,18,1
1052,9,1
45,15,0
1040,12,0
974,5,0
265,16,1
1054,9,0
1010,5,1
782,10,0
1171,7,0
985,27,0
789,5,1
767,2,0
266,22,0
794,1,1
969,9,0
982,4,1
1235,10,0
662,2,0
428,49,1
670,4,1
685,11,1
967,22,1
494,13,1
550,20,0
188,14,1
221,5,0
957,17,0
1244,7,0
195,12,0
824,6,0
965,28,0
20,21,0
893,12,1
1276,11,1
1254,7,0
1106,5,0
163,43,0
669,12,0
713,4,1
1269,5,1
358,18,1
694,19,0
1060,1,0
875,23,1
427,6,1
443,18,0
269,14,0
571,20,0
1053,17,0
1272,12,0
569,1,1
313,8,1
94,20,0
1261,17,1
398,19,0
1266,2,0
1061,4,0
737,18,1
382,18,1
1290,14,0
1219,9,0
25,21,1
706,14,0
1177,20,1
1155,16,0
94,13,0
884,10,1
3,29,0
233,1,0
69,13,0
1156,5,1
1219,4,0
317,23,1
292,15,0
963,35,0
852,16,0
289,5,0
1179,12,1
598,15,0
20,22,1
1062,5,0
109,7,1
546,12,1
548,13,1
294,19,0
425,6,0
380,28,1
652,17,0
587,1,1
1017,6,1
833,16,1
782,12,1
688,1,0
1124,5,0
1055,7,1
659,25,1
1303,8,0
70,2,1
398,22,0
1226,17,0
485,27,1
859,29,0
186,6,0
722,26,0
441,18,0
893,5,1
1235,18,0
1152,15,1
535,14,0
99,4,0
999,6,0
193,7,1
175,24,0
308,7,1
919,22,1
866,27,1
483,21,0
58,9,1
746,34,1
759,10,0
589,34,0
72,11,0
904,8,0
989,1,0
552,4,0
701,8,1
979,2,0
17,14,1
1096,6,0
910,17,0
440,27,0
866,33,0
156,9,1
617,19,0
1037,23,0
78,4,0
602,8,0
972,16,0
1218,10,0
376,9,1
524,17,0
1096,4,0
671,9,0
936,8,0
1230,10,0
89,5,0
190,5,1
913,18,0
1088,7,0
776,12,1
386,10,0
1281,8,0
848,1,0
294,9,1
715,7,1
981,5,1
10,15,0
985,3,0
428,33,1
490,14,1
424,15,1
620,6,1
259,1,0
100,20,1
19,4,1
947,15,1
394,18,1
939,1,0
222,15,0
654,12,0
46,13,0
278,1,1
1136,20,1
149,11,0
1289,23,0
715,10,0
629,3,0
109,53,1
965,2,0
83,7,0
631,8,1
485,22,0
536,5,0
426,15,1
874,4,1
958,14,0
396,7,0
448,7,1
949,2,1
436,10,1
718,28,0
1217,10,0
343,27,0
391,10,0
1028,10,0
34,4,1
81,10,0
1033,20,0
343,22,1
726,16,0
1135,5,1
92,16,1
535,6,0
68,8,0
144,26,0
325,7,0
1213,10,1
185,12,0
474,8,1
1187,5,0
149,7,1
323,8,0
66,16,1
518,8,0
