665,9,0
785,7,0
537,24,0
426,47,0
1018,45,0
567,7,0
218,15,1
564,63,0
552,20,0
187,3,1
1008,5,0
866,7,0
469,38,0
930,32,0
181,13,1
456,18,0
787,27,0
758,26,0
420,15,1
456,8,1
657,9,0
39,14,0
218,14,1
101,17,0
308,12,1
833,13,0
848,5,1
1010,5,1
47,36,0
1043,13,0
158,24,0
1048,37,0
819,11,0
122,23,0
191,15,1
948,18,0
221,40,0
796,22,0
432,20,0
941,55,0
498,10,1
868,6,0
913,36,0
1053,21,0
462,26,0
1036,3,0
1058,2,0
894,7,0
968,30,0
715,5,1
321,12,0
880,27,0
779,15,1
912,2,0
533,11,1
700,14,0
251,13,0
1008,7,0
391,15,0
642,5,1
494,11,0
993,20,0
716,6,0
796,21,0
911,9,0
724,16,0
321,6,0
150,14,0
114,42,0
494,10,0
713,32,0
5,12,0
1053,2,0
100,40,0
927,31,0
241,5,0
314,21,0
40,12,0
55,10,0
277,12,0
411,10,0
674,14,1
496,14,0
124,12,0
391,10,0
769,6,0
419,24,0
211,16,0
820,14,1
105,17,0
698,12,0
592,6,0
198,16,0
521,13,0
480,1,0
533,27,1
477,7,1
1000,2,1
662,1,1
670,8,1
823,9,0
315,15,0
1066,3,0
428,2,0
625,19,0
218,9,1
456,6,1
1056,6,1
808,15,0
226,20,0
481,10,1
21,19,0
174,9,0
150,18,0
100,53,0
50,5,0
223,32,0
40,13,0
493,9,0
872,36,0
753,6,0
174,18,0
486,13,0
860,4,0
709,7,1
963,12,0
753,28,0
631,21,0
861,14,1
476,1,0
696,13,0
440,21,0
532,9,1
725,21,0
949,28,0
784,10,0
663,1,1
354,21,1
1,44,0
816,3,0
933,18,0
90,29,1
226,10,0
713,5,0
69,20,0
268,4,0
1048,31,0
1003,17,1
1003,10,1
52,33,0
875,8,1
976,22,0
725,11,0
303,10,1
488,10,1
948,3,0
949,46,0
779,23,0
1,35,0
309,8,0
561,17,0
429,8,0
507,22,0
590,15,0
884,19,1
656,7,1
723,25,1
962,8,0
1057,16,0
787,5,1
901,24,0
725,22,0
725,59,1
594,3,0
741,24,0
182,6,0
351,6,1
613,38,0
681,13,1
1046,5,0
705,4,0
430,39,0
133,1,0
551,24,0
133,9,0
205,17,0
929,22,0
120,34,0
791,3,0
228,12,0
115,29,0
803,6,0
880,4,0
1000,9,1
848,7,1
992,23,0
184,15,1
233,15,0
137,27,0
898,1,1
184,16,1
59,16,1
933,5,0
787,41,1
145,20,0
490,5,0
899,48,0
226,6,0
274,8,0
936,10,0
205,15,0
898,3,1
675,5,0
298,14,0
765,13,0
46,24,0
1027,21,0
501,21,0
469,31,0
875,3,0
191,3,1
390,15,0
100,42,0
736,16,1
64,32,0
628,43,0
408,4,0
869,42,0
885,54,0
921,6,0
477,5,1
464,5,0
322,18,1
350,7,0
767,15,0
356,28,1
597,16,0
872,33,0
1052,6,0
141,6,0
859,3,0
997,19,0
23,26,0
782,3,0
181,5,1
374,20,0
374,21,0
661,4,0
732,39,0
318,7,0
1016,4,1
712,41,0
253,19,0
198,21,1
471,15,1
1065,2,0
175,28,0
399,2,0
625,17,0
1017,3,0
275,17,0
1054,13,0
648,10,0
941,25,0
682,3,0
314,6,0
100,29,0
708,8,0
275,4,0
38,5,1
5,22,0
982,3,0
68,27,0
382,18,0
302,5,0
994,23,0
929,25,0
980,18,0
182,5,0
119,15,0
623,4,0
861,9,1
941,73,0
1019,31,0
55,14,0
1018,52,0
973,3,0
723,17,1
680,20,0
288,11,0
450,14,0
946,59,0
779,3,1
427,16,0
732,40,0
629,76,0
934,16,0
100,64,0
435,41,0
1021,5,0
508,2,0
744,3,1
745,62,0
236,10,1
577,19,0
629,7,0
1018,50,0
466,22,1
41,9,0
910,21,0
725,3,0
498,3,1
871,47,0
575,54,1
705,12,0
427,17,0
179,13,1
933,17,0
713,21,0
241,3,0
742,10,1
988,6,0
14,22,0
1044,12,0
938,1,0
892,29,0
996,29,0
1027,16,0
70,42,0
122,15,0
542,24,0
100,62,0
308,14,0
918,56,0
721,32,1
436,31,0
523,1,0
273,22,0
825,15,0
110,23,0
673,2,1
941,43,0
374,27,0
753,21,0
813,12,0
1047,23,0
865,13,0
760,21,0
1043,25,0
723,30,1
877,49,0
885,19,0
940,53,0
672,1,0
790,11,0
710,11,0
299,18,0
910,24,0
575,16,0
609,18,0
1022,9,1
205,22,0
831,1,0
622,36,1
100,31,0
1019,28,0
184,7,1
59,8,1
1,34,0
992,37,0
195,14,0
894,13,0
683,2,0
185,2,0
630,34,0
1003,9,1
657,11,1
227,13,0
845,16,0
851,4,0
999,8,1
696,14,0
421,13,0
11,35,0
660,4,0
306,28,0
476,8,0
464,19,0
449,2,0
404,18,1
88,18,0
657,4,0
575,38,0
589,3,0
692,9,0
311,10,0
749,19,0
6,31,0
876,33,0
349,11,0
171,41,0
192,3,0
533,35,1
753,31,0
613,28,0
716,5,0
726,30,0
469,9,0
886,6,0
218,23,1
386,37,0
806,17,0
873,12,0
980,8,0
303,11,1
124,11,0
79,40,0
168,4,0
214,4,1
223,37,1
184,6,0
836,1,0
964,20,0
604,15,0
677,15,0
808,3,0
721,7,1
316,24,0
915,22,0
992,4,0
435,50,0
711,33,0
312,3,1
674,20,0
221,55,0
712,28,0
532,16,1
320,3,0
591,10,0
623,14,0
750,12,0
970,21,0
902,23,0
122,5,0
238,5,0
713,20,0
596,8,0
465,20,1
575,12,0
670,5,1
532,36,0
19,32,0
389,1,0
949,48,0
14,42,0
746,6,1
768,2,0
70,50,0
742,9,1
213,5,0
940,66,0
431,13,0
431,14,0
484,15,0
532,7,1
354,11,0
707,8,0
300,2,0
632,6,0
198,14,1
682,9,0
622,16,1
565,23,1
661,8,0
388,9,0
136,16,0
1006,16,0
199,3,1
198,3,1
38,21,0
180,3,0
594,17,0
521,14,0
913,31,0
963,15,0
884,21,1
309,10,0
891,11,0
639,1,0
350,2,0
276,2,0
902,30,0
979,11,0
198,22,1
878,6,0
711,58,0
21,17,0
677,26,0
25,47,0
915,16,0
377,9,0
730,4,0
656,12,1
533,30,1
498,1,1
672,6,0
734,25,0
674,25,0
1,52,0
223,36,0
1007,8,0
949,27,0
892,31,0
388,12,0
383,19,0
610,27,0
38,15,1
532,20,1
403,17,0
552,41,0
964,14,0
145,18,0
681,3,0
911,27,0
379,15,0
336,18,0
646,34,0
533,10,1
19,22,0
79,30,0
940,9,0
286,10,1
274,38,1
692,24,0
11,20,0
744,9,1
694,3,0
63,26,0
763,17,0
105,12,0
1037,22,0
539,26,1
144,10,0
773,7,0
125,26,0
848,6,1
736,12,1
767,3,0
1061,10,0
77,30,0
503,8,1
463,12,0
314,41,0
532,5,1
860,9,0
885,50,0
818,19,0
92,55,0
348,16,0
237,31,0
404,5,0
140,4,0
765,4,0
38,8,1
859,12,0
500,4,0
672,5,0
846,4,0
761,31,0
52,8,0
501,14,0
275,12,0
432,4,1
68,19,0
524,4,1
196,17,1
735,2,0
226,8,0
742,6,1
994,32,0
184,12,1
683,6,0
309,9,0
741,34,0
1,108,0
185,13,0
939,29,0
622,20,1
494,21,0
997,13,0
205,14,0
562,10,0
540,1,0
498,9,1
465,8,0
660,15,0
456,10,1
821,14,0
108,15,0
307,7,0
947,13,0
713,24,0
79,53,1
686,2,0
928,16,0
356,24,1
227,45,0
52,13,0
996,3,0
972,3,0
386,48,0
821,7,1
180,4,0
737,7,0
733,1,0
144,16,0
749,26,0
1055,14,0
462,34,0
900,28,0
982,15,0
38,7,0
172,13,0
443,6,0
646,30,0
996,26,0
105,14,0
125,23,0
261,20,0
513,15,0
240,5,0
436,17,0
127,30,0
382,4,1
385,13,0
792,7,0
725,52,0
275,8,0
985,17,0
920,34,0
545,24,0
674,17,1
871,14,0
1066,1,0
674,15,1
475,6,1
321,42,0
1043,17,0
321,26,1
859,2,0
88,29,0
927,22,0
200,22,0
995,21,0
1016,8,1
386,24,0
749,7,0
70,41,0
955,11,0
726,15,0
648,16,0
38,14,1
552,7,0
977,3,0
862,2,1
106,4,0
711,38,0
976,29,1
994,17,0
995,30,0
69,28,0
496,21,0
872,18,0
750,4,1
470,8,0
1,25,0
62,27,0
218,26,1
1019,3,1
486,5,0
898,26,1
850,3,0
657,6,1
244,13,0
351,8,1
742,4,1
841,16,0
663,3,1
237,11,0
287,34,0
948,10,0
779,1,1
50,17,0
160,1,0
749,8,0
336,17,0
218,24,1
680,8,0
850,7,0
100,51,0
995,13,0
738,3,1
940,47,0
198,7,1
674,13,1
970,5,0
701,6,0
315,18,0
441,27,0
25,15,0
77,40,0
657,21,1
629,65,0
179,1,1
182,9,0
999,11,1
