309,23,0
86,15,0
8,10,0
323,2,0
442,6,0
698,2,0
267,9,0
796,18,0
876,26,0
544,4,0
790,19,0
430,5,0
673,10,0
211,6,0
199,10,0
395,3,0
1015,14,0
330,13,0
771,30,0
1189,14,0
260,7,0
609,5,0
691,4,0
1079,14,0
46,10,0
613,5,0
10,13,0
330,14,0
796,5,0
247,6,0
665,11,0
175,27,0
61,12,0
602,3,0
290,18,0
643,9,0
1045,11,0
349,5,0
122,19,0
228,5,0
173,11,0
242,11,0
242,25,0
340,14,0
1166,6,0
67,6,0
242,28,0
187,5,0
153,12,0
13,20,0
1098,3,0
244,15,0
151,6,0
330,18,0
286,14,0
143,11,0
463,7,0
1046,1,0
242,23,0
852,22,0
1059,14,0
601,17,0
1212,18,0
470,8,0
232,10,0
228,15,0
125,9,0
657,14,0
988,3,0
1151,3,0
1053,3,0
289,7,0
1079,13,0
920,3,0
1137,4,0
339,3,0
131,24,0
193,25,0
309,16,0
219,17,0
235,17,0
46,15,0
956,23,0
936,22,0
122,23,0
363,30,0
713,24,0
713,7,0
570,3,0
1004,9,0
255,19,0
408,7,0
193,18,0
1048,5,0
86,17,0
87,8,0
156,5,0
989,3,0
339,18,0
1231,15,0
614,2,0
373,16,0
217,12,0
86,11,0
1062,29,0
76,18,0
1247,3,0
7,23,0
398,4,0
1109,18,0
968,23,0
250,21,0
308,14,0
61,23,0
202,29,0
61,16,0
590,11,0
1153,2,0
371,10,0
121,2,0
732,20,0
665,7,0
622,30,0
159,5,0
623,10,0
102,5,0
193,2,0
295,23,0
1011,7,0
724,3,0
592,3,0
544,5,0
1167,36,0
455,6,0
927,16,0
959,5,0
530,25,0
994,5,0
374,7,0
216,3,0
1211,9,0
609,11,0
956,5,0
615,19,0
885,2,0
981,8,0
817,17,0
1266,6,0
456,1,0
147,8,0
174,17,0
350,2,0
120,10,0
245,35,0
137,17,0
834,7,0
1118,2,0
589,31,0
1152,4,0
796,15,0
774,5,0
276,5,0
129,2,0
242,3,0
354,22,0
216,18,0
568,19,0
619,6,0
190,14,0
842,6,0
293,47,0
772,18,0
1279,16,0
61,21,0
18,7,0
64,15,0
460,6,0
540,5,0
761,4,0
926,1,0
981,6,0
283,41,0
306,13,0
130,8,0
7,7,0
402,3,0
141,6,0
1081,30,0
110,6,0
322,13,0
386,8,0
530,15,0
337,3,0
218,21,0
17,5,0
384,33,0
371,11,0
1258,11,0
581,2,0
202,32,0
960,44,0
698,11,0
845,5,0
362,9,0
42,10,0
1174,7,0
615,22,0
989,2,0
966,16,0
615,3,0
235,13,0
259,7,0
589,2,0
657,13,1
1180,1,0
1228,13,0
615,51,0
86,34,0
293,39,0
1229,3,0
71,25,0
1185,20,0
1149,17,0
1034,7,0
314,17,0
340,11,0
310,3,0
1004,12,0
1195,11,0
237,4,0
575,26,0
608,16,0
1201,11,1
267,17,0
1251,3,0
615,24,0
295,28,0
1259,9,0
679,7,0
975,16,0
347,10,0
258,22,0
1082,11,0
1096,10,0
982,2,0
962,4,0
500,20,0
751,4,0
174,14,0
686,3,0
950,14,0
1179,8,0
70,8,0
454,8,0
484,3,0
892,3,0
45,12,0
131,10,0
368,2,0
1258,7,0
347,4,0
470,15,0
761,7,0
156,11,0
1040,2,0
876,7,0
403,8,0
575,13,0
643,16,0
949,6,0
869,9,0
713,4,0
1194,4,0
961,22,0
199,18,0
1097,2,0
469,4,0
470,3,0
948,9,0
343,3,0
1045,6,0
578,11,0
617,4,0
195,3,0
143,10,0
1196,33,0
105,2,0
409,7,0
727,11,0
363,17,0
355,5,0
604,10,0
938,4,0
835,2,0
7,8,0
295,26,0
715,12,0
723,11,0
876,23,0
190,5,0
627,15,0
941,1,0
212,15,0
796,23,0
772,20,0
86,33,0
789,28,0
365,31,0
854,12,0
312,20,0
524,9,0
601,4,0
153,1,0
1094,2,0
1169,10,0
580,3,0
347,7,0
448,3,0
609,7,0
964,17,1
1009,4,0
715,11,0
1014,19,0
184,3,0
885,3,0
935,18,0
620,12,0
211,3,0
243,8,0
723,8,0
1157,5,0
711,3,0
180,9,0
796,21,0
891,3,0
260,9,0
384,36,0
1000,8,0
690,6,0
347,23,0
916,8,0
613,4,0
952,10,0
1125,12,0
477,6,0
454,4,0
502,11,0
951,3,0
941,9,0
759,1,0
1055,11,0
1080,11,0
968,4,0
233,5,0
242,10,0
1154,4,0
615,28,0
1166,5,0
1151,11,0
52,27,0
830,6,0
772,23,0
1232,7,0
557,7,0
310,2,0
368,32,0
717,9,0
363,12,0
1247,9,0
596,2,0
244,1,0
267,5,0
615,53,0
571,2,0
1233,6,0
876,38,0
1191,5,0
1095,4,0
758,15,0
814,14,0
1248,13,0
250,22,0
965,9,0
609,13,0
1034,6,0
1185,14,0
1179,7,0
380,7,0
1188,2,0
236,9,0
579,8,0
1114,7,0
575,22,0
1079,15,0
838,17,0
151,9,0
600,14,0
409,9,0
51,3,0
1153,15,0
1266,5,0
532,2,0
294,25,0
830,12,0
898,3,0
604,4,0
603,2,0
869,4,0
386,5,0
150,18,0
14,19,0
1103,6,0
17,2,0
1062,27,0
623,37,0
320,10,0
7,20,0
478,6,0
122,10,0
70,5,0
1167,27,0
383,1,0
223,6,0
309,29,0
594,35,0
362,2,0
582,10,0
370,4,0
1096,4,0
250,15,0
833,6,0
570,5,0
1005,17,0
312,21,0
229,13,0
594,33,0
590,1,0
579,3,0
819,3,0
1006,12,0
484,5,0
708,4,0
815,9,0
33,6,0
1180,10,0
1201,6,0
710,7,0
816,9,0
506,3,0
975,2,0
311,3,0
315,20,0
245,29,0
627,14,0
620,9,0
927,12,0
130,15,0
578,10,0
533,3,0
395,2,0
150,19,0
1180,2,0
1168,5,0
1134,8,0
870,4,0
797,2,0
20,3,0
217,2,0
374,22,0
344,2,0
14,25,0
258,12,0
19,5,0
302,16,0
684,6,0
502,3,0
182,12,0
534,2,0
885,1,0
963,6,0
964,3,0
958,10,0
793,4,0
1014,14,0
1180,3,0
1280,3,0
1062,17,0
1258,14,0
310,9,0
1232,12,0
1081,32,0
323,14,0
310,7,0
899,14,0
174,11,0
86,28,0
1096,7,0
1005,14,0
876,31,1
121,21,0
122,25,0
386,14,0
596,6,0
1180,12,0
512,46,0
1061,6,0
1155,5,0
548,12,0
1177,1,0
1016,1,0
709,5,0
1123,9,0
624,12,0
981,13,0
1048,3,0
963,7,0
844,13,0
589,5,0
772,19,0
13,35,0
243,5,0
81,4,0
150,13,0
104,2,0
1277,18,0
748,4,0
250,10,0
1201,10,1
557,3,0
927,6,0
125,5,0
310,4,0
76,15,0
1155,29,0
1149,19,0
679,2,0
288,8,0
583,19,0
930,3,0
136,10,0
615,38,0
1167,30,0
472,7,0
960,13,0
84,4,0
1228,11,0
962,11,0
622,37,0
1061,7,0
236,25,0
1171,18,0
896,8,0
772,17,0
521,31,0
829,2,0
1211,3,0
1150,5,0
227,3,0
1043,11,0
1040,6,0
967,13,0
1260,1,0
986,16,0
1258,5,0
86,16,0
736,9,0
575,24,0
1264,8,0
315,9,0
935,10,0
964,7,0
315,15,0
360,8,0
817,20,0
829,4,0
442,10,0
1102,1,0
798,14,0
199,7,0
512,13,0
384,31,0
373,13,0
147,7,0
1100,8,0
919,14,0
315,12,0
680,2,0
772,22,0
469,3,0
103,5,0
960,7,0
989,4,0
1177,7,0
25,15,0
371,20,0
1045,12,0
309,21,0
880,8,0
570,10,0
677,11,0
1011,6,0
1050,7,0
789,20,0
814,4,0
330,11,0
819,2,0
474,8,0
1211,5,0
1180,11,0
615,44,0
915,6,0
365,30,0
935,8,0
308,11,0
831,4,0
1027,7,0
1123,15,0
435,5,0
136,6,0
608,23,0
258,25,0
